   1 0.5444398E+02
   1 0.5444633E+02
   1 0.5351379E+02
   1 0.5421612E+02
   1 0.5553080E+02
   1 0.5439384E+02
   1 0.5423576E+02
   1 0.5436504E+02
   1 0.5409040E+02
   1 0.5441252E+02
   1 0.5430951E+02
   1 0.5430639E+02
   1 0.2771826E+02
   1 0.5425885E+02
   1 0.5468493E+02
   1 0.5457590E+02
   1 0.5461910E+02
   1 0.5443833E+02
   1 0.5495409E+02
   1 0.5433201E+02
   1 0.5449636E+02
   1 0.5449794E+02
   1 0.5423662E+02
   1 0.5474682E+02
   1 0.5461583E+02
   1 0.5447473E+02
   1 0.5133901E+02
   1 0.5480777E+02
   1 0.5469323E+02
   1 0.3990016E+02
   1 0.5458228E+02
   1 0.5508835E+02
   1 0.5398120E+02
   1 0.5396034E+02
   1 0.5452550E+02
   1 0.5434413E+02
   1 0.5439948E+02
   1 0.5404373E+02
   1 0.5421532E+02
   1 0.5407516E+02
   1 0.5411513E+02
   1 0.5362406E+02
   1 0.5438403E+02
   1 0.5437960E+02
   1 0.5478789E+02
   1 0.5441559E+02
   1 0.5519611E+02
   1 0.5498893E+02
   1 0.5413735E+02
   1 0.5449664E+02
   1 0.5417868E+02
   1 0.5482990E+02
   1 0.5355744E+02
   1 0.5441099E+02
   1 0.3688511E+02
   1 0.5444563E+02
   1 0.5528914E+02
   1 0.4857575E+02
   1 0.5486198E+02
   1 0.5462730E+02
   1 0.5485568E+02
   1 0.5420764E+02
   1 0.5451495E+02
   1 0.5475192E+02
   1 0.5441377E+02
   1 0.5367992E+02
   1 0.5455364E+02
   1 0.5438674E+02
   1 0.5451769E+02
   1 0.5394989E+02
   1 0.5422772E+02
   1 0.5427180E+02
   1 0.5436402E+02
   1 0.5447468E+02
   1 0.5423084E+02
   1 0.5429660E+02
   1 0.3728322E+02
   1 0.5434921E+02
   1 0.5549811E+02
   1 0.5364779E+02
   1 0.5407292E+02
   1 0.5556144E+02
   1 0.5244948E+02
   1 0.5510510E+02
   1 0.5539906E+02
   1 0.5504911E+02
   1 0.5444747E+02
   1 0.5465914E+02
   1 0.5496209E+02
   1 0.5449688E+02
   1 0.5430707E+02
   1 0.5476295E+02
   1 0.5401984E+02
   1 0.5416014E+02
   1 0.5442172E+02
   1 0.5436352E+02
   1 0.5406644E+02
   1 0.5520179E+02
   1 0.5423473E+02
   1 0.5404275E+02
   1 0.5414843E+02
   1 0.5532190E+02
   1 0.5468164E+02
   1 0.5471086E+02
   1 0.5376595E+02
   1 0.5432236E+02
   1 0.5399360E+02
   1 0.5477393E+02
   1 0.5422173E+02
   1 0.5432493E+02
   1 0.5430876E+02
   1 0.5538017E+02
   1 0.5479047E+02
   1 0.5447472E+02
   1 0.5421229E+02
   1 0.5479213E+02
   1 0.5461166E+02
   1 0.5473173E+02
   1 0.5366878E+02
   1 0.5488524E+02
   1 0.5335791E+02
   1 0.5388163E+02
   1 0.5411033E+02
   1 0.5461722E+02
   1 0.5390917E+02
   1 0.5391714E+02
   1 0.5411310E+02
   1 0.5456020E+02
   1 0.5439334E+02
   1 0.5482561E+02
   1 0.5471880E+02
   1 0.5371555E+02
   1 0.2845972E+02
   1 0.5434123E+02
   1 0.5340090E+02
   1 0.5409368E+02
   1 0.5441753E+02
   1 0.5405249E+02
   1 0.5393442E+02
   1 0.5435239E+02
   1 0.5475204E+02
   1 0.5439613E+02
   1 0.5462755E+02
   1 0.5355615E+02
   1 0.3714714E+02
   1 0.5461348E+02
   1 0.5428962E+02
   1 0.5404901E+02
   1 0.5462871E+02
   1 0.5355431E+02
   1 0.5436130E+02
   1 0.5386824E+02
   1 0.5469055E+02
   1 0.5414468E+02
   1 0.5448570E+02
   1 0.5414427E+02
   1 0.5457361E+02
   1 0.5426928E+02
   1 0.5418170E+02
   1 0.5467660E+02
   1 0.5432939E+02
   1 0.5430943E+02
   1 0.5449424E+02
   1 0.5475505E+02
   1 0.5418894E+02
   1 0.5457930E+02
   1 0.5420624E+02
   1 0.5368980E+02
   1 0.5405232E+02
   1 0.5419453E+02
   1 0.5433467E+02
   1 0.5453167E+02
   1 0.5453093E+02
   1 0.5493175E+02
   1 0.2472661E+02
   1 0.5482753E+02
   1 0.5473335E+02
   1 0.5398864E+02
   1 0.5369198E+02
   1 0.5463163E+02
   1 0.5489120E+02
   1 0.5403945E+02
   1 0.5493870E+02
   1 0.5511762E+02
   1 0.5507694E+02
   1 0.5377902E+02
   1 0.5425125E+02
   1 0.5483217E+02
   1 0.5399040E+02
   1 0.5412937E+02
   1 0.5452878E+02
   1 0.5455691E+02
   1 0.5453132E+02
   1 0.5462600E+02
   1 0.5361121E+02
   1 0.5439121E+02
   1 0.5172518E+02
   1 0.5429265E+02
   1 0.5491578E+02
   1 0.5404957E+02
   1 0.5405428E+02
   1 0.5428487E+02
   1 0.5401227E+02
   1 0.5456831E+02
   1 0.5348481E+02
   1 0.5479730E+02
   1 0.5470888E+02
   1 0.5446046E+02
   1 0.5365318E+02
   1 0.5400893E+02
   1 0.5403691E+02
   1 0.5419303E+02
   1 0.5452592E+02
   1 0.5457910E+02
   1 0.5126731E+02
   1 0.5426968E+02
   1 0.5546785E+02
   1 0.5423788E+02
   1 0.5411740E+02
   1 0.5403738E+02
   1 0.5400715E+02
   1 0.5426071E+02
   1 0.5399885E+02
   1 0.5396795E+02
   1 0.5404700E+02
   1 0.5545153E+02
   1 0.5449553E+02
   1 0.5447147E+02
   1 0.5475869E+02
   1 0.5492937E+02
   1 0.5392677E+02
   1 0.5529909E+02
   1 0.5445065E+02
   1 0.5470017E+02
   1 0.5451367E+02
   1 0.5402352E+02
   1 0.5477239E+02
   1 0.5513141E+02
   1 0.5441224E+02
   1 0.5493745E+02
   1 0.5440071E+02
   1 0.5512859E+02
   1 0.3320210E+02
   1 0.5402306E+02
   1 0.5467328E+02
   1 0.5524560E+02
   1 0.5505507E+02
   1 0.5403917E+02
   1 0.5378724E+02
   1 0.5440592E+02
   1 0.5378699E+02
   1 0.5551693E+02
   1 0.5423053E+02
   1 0.5489688E+02
   1 0.5377249E+02
   1 0.5412648E+02
   1 0.5424379E+02
   1 0.5438862E+02
   1 0.4786926E+02
   1 0.5427046E+02
   1 0.5422786E+02
   1 0.5488660E+02
   1 0.5498319E+02
   1 0.5574922E+02
   1 0.5529165E+02
   1 0.5471538E+02
   1 0.5364556E+02
   1 0.5501425E+02
   1 0.5415926E+02
   1 0.5503039E+02
   1 0.5505529E+02
   1 0.5376516E+02
   1 0.5413797E+02
   1 0.5484330E+02
   1 0.5456683E+02
   1 0.5417837E+02
   1 0.5457769E+02
   1 0.5414582E+02
   1 0.5451770E+02
   1 0.5417180E+02
   1 0.5308678E+02
   1 0.5483503E+02
   1 0.5405345E+02
   1 0.5456472E+02
   1 0.5426092E+02
   1 0.5462626E+02
   1 0.5360526E+02
   1 0.5448261E+02
   1 0.5414206E+02
   1 0.5529279E+02
   1 0.5355058E+02
   1 0.5555576E+02
   1 0.5392186E+02
   1 0.5419843E+02
   1 0.5493756E+02
   1 0.5489404E+02
   1 0.5425250E+02
   1 0.5410744E+02
   1 0.5443737E+02
   1 0.5466374E+02
   1 0.5419688E+02
   1 0.5387791E+02
   1 0.5510197E+02
   1 0.5508742E+02
   1 0.5454882E+02
   1 0.5480351E+02
   1 0.5372466E+02
   1 0.5456672E+02
   1 0.5422557E+02
   1 0.5431869E+02
   1 0.5405902E+02
   1 0.5409217E+02
   1 0.5493387E+02
   1 0.5447364E+02
   1 0.5461835E+02
   1 0.5456587E+02
   1 0.5525316E+02
   1 0.5426591E+02
   1 0.5415125E+02
   1 0.5376361E+02
   1 0.5452021E+02
   1 0.5396879E+02
   1 0.5443950E+02
   1 0.5511953E+02
   1 0.5412439E+02
   1 0.5448271E+02
   1 0.5389879E+02
   1 0.5514194E+02
   1 0.5408268E+02
   1 0.5461970E+02
   1 0.5384614E+02
   1 0.5475149E+02
   1 0.5419567E+02
   1 0.5414642E+02
   1 0.5459771E+02
   1 0.5465072E+02
   1 0.2765376E+02
   1 0.5408658E+02
   1 0.5449726E+02
   1 0.5453136E+02
   1 0.5420063E+02
   1 0.5421925E+02
   1 0.5396858E+02
   1 0.5456164E+02
   1 0.3741210E+02
   1 0.5541063E+02
   1 0.5417103E+02
   1 0.5501117E+02
   1 0.5545975E+02
   1 0.5515993E+02
   1 0.5435403E+02
   1 0.5476606E+02
   1 0.5500885E+02
   1 0.5461971E+02
   1 0.5435626E+02
   1 0.5487180E+02
   1 0.5409225E+02
   1 0.5509143E+02
   1 0.5439656E+02
   1 0.5394572E+02
   1 0.5495450E+02
   1 0.5463635E+02
   1 0.5411957E+02
   1 0.5434826E+02
   1 0.5408776E+02
   1 0.5452108E+02
   1 0.5470128E+02
   1 0.8349806E+01
   1 0.5326663E+02
   1 0.5377989E+02
   1 0.5388172E+02
   1 0.5338289E+02
   1 0.5463759E+02
   1 0.5418830E+02
   1 0.5426428E+02
   1 0.5409554E+02
   1 0.5391056E+02
   1 0.5476666E+02
   1 0.5469615E+02
   1 0.5474356E+02
   1 0.5407579E+02
   1 0.5418746E+02
   1 0.5030047E+02
   1 0.5455614E+02
   1 0.5416477E+02
   1 0.3908376E+02
   1 0.5436183E+02
   1 0.5413939E+02
   1 0.5429997E+02
   1 0.5436766E+02
   1 0.5419927E+02
   1 0.5417465E+02
   1 0.5478840E+02
   1 0.5496777E+02
   1 0.5448140E+02
   1 0.5496412E+02
   1 0.5422254E+02
   1 0.5507315E+02
   1 0.5415379E+02
   1 0.5416667E+02
   1 0.5430184E+02
   1 0.5434693E+02
   1 0.5498306E+02
   1 0.5391013E+02
   1 0.5429409E+02
   1 0.5436351E+02
   1 0.5462961E+02
   1 0.5433003E+02
   1 0.5400531E+02
   1 0.5505474E+02
   1 0.5379310E+02
   1 0.5447664E+02
   1 0.5495961E+02
   1 0.5533612E+02
   1 0.5487633E+02
   1 0.5388763E+02
   1 0.5487060E+02
   1 0.5387434E+02
   1 0.5424343E+02
   1 0.5469833E+02
   1 0.5383340E+02
   1 0.5417027E+02
   1 0.5489239E+02
   1 0.5392694E+02
   1 0.5439731E+02
   1 0.5524745E+02
   1 0.5441288E+02
   1 0.5417469E+02
   1 0.4608588E+02
   1 0.5505413E+02
   1 0.5420050E+02
   1 0.5416772E+02
   1 0.5455866E+02
   1 0.5412961E+02
   1 0.5437516E+02
   1 0.5420611E+02
   1 0.5423617E+02
   1 0.5293343E+02
   1 0.5470074E+02
   1 0.5457529E+02
   1 0.5257011E+02
   1 0.5419618E+02
   1 0.5477810E+02
   1 0.5438553E+02
   1 0.5393322E+02
   1 0.5419265E+02
   1 0.5528640E+02
   1 0.5436947E+02
   1 0.5428307E+02
   1 0.5428045E+02
   1 0.5386046E+02
   1 0.5436407E+02
   1 0.5392544E+02
   1 0.5537320E+02
   1 0.4982715E+02
   1 0.5445451E+02
   1 0.5464257E+02
   1 0.5404496E+02
   1 0.5403807E+02
   1 0.5245496E+02
   1 0.5450733E+02
   1 0.5429851E+02
   1 0.5514984E+02
   1 0.5403831E+02
   1 0.5498085E+02
   1 0.5438382E+02
   1 0.5441763E+02
   1 0.5463832E+02
   1 0.5500109E+02
   1 0.5485073E+02
   1 0.5446361E+02
   1 0.3404121E+02
   1 0.5520553E+02
   1 0.5424237E+02
   1 0.1035643E+02
   1 0.5460364E+02
   1 0.5431412E+02
   1 0.5431518E+02
   1 0.5413010E+02
   1 0.4615522E+02
   1 0.5428522E+02
   1 0.5434837E+02
   1 0.5419434E+02
   1 0.5440386E+02
   1 0.5437644E+02
   1 0.5512882E+02
   1 0.5463104E+02
   1 0.5061861E+02
   1 0.5517710E+02
   1 0.5430899E+02
   1 0.5470870E+02
   1 0.5455837E+02
   1 0.5435747E+02
   1 0.5433419E+02
   1 0.5367653E+02
   1 0.5448758E+02
   1 0.5470786E+02
   1 0.5432194E+02
   1 0.5445517E+02
   1 0.5418162E+02
   1 0.5428233E+02
   1 0.5395947E+02
   1 0.5497833E+02
   1 0.5447478E+02
   1 0.5444974E+02
   1 0.5366405E+02
   1 0.5405627E+02
   1 0.5459673E+02
   1 0.5452289E+02
   1 0.5398592E+02
   1 0.5497757E+02
   1 0.5430375E+02
   3 0.5431031E+02
   1 0.5347622E+02
   2 0.5503028E+02
   1 0.5459053E+02
   3 0.5430367E+02
   2 0.5418929E+02
   2 0.5445488E+02
   1 0.5416840E+02
   3 0.5444177E+02
   1 0.5415925E+02
   1 0.5329014E+02
   1 0.5393808E+02
   2 0.5421392E+02
   3 0.5412050E+02
   2 0.5468635E+02
   1 0.5458504E+02
   3 0.5451860E+02
   2 0.5396690E+02
   3 0.5445524E+02
   2 0.2763280E+02
   1 0.5455781E+02
   1 0.5375632E+02
   1 0.5414511E+02
   3 0.5501188E+02
   2 0.5414615E+02
   2 0.5486098E+02
   2 0.5462905E+02
   1 0.5467799E+02
   3 0.5479218E+02
   3 0.5525271E+02
   3 0.5409782E+02
   3 0.5481414E+02
   2 0.5413275E+02
   2 0.5529654E+02
   3 0.5440501E+02
   1 0.5428558E+02
   2 0.5462932E+02
   2 0.5427958E+02
   2 0.5455929E+02
   3 0.5433805E+02
   1 0.5378032E+02
   1 0.5420001E+02
   1 0.5398841E+02
   2 0.5432685E+02
   1 0.5498047E+02
   3 0.5435095E+02
   3 0.5366456E+02
   3 0.5419850E+02
   2 0.5415200E+02
   1 0.5425560E+02
   3 0.5445399E+02
   2 0.5438425E+02
   1 0.5427904E+02
   1 0.5454213E+02
   1 0.5336094E+02
   1 0.5408359E+02
   3 0.5406318E+02
   3 0.5508826E+02
   2 0.5424247E+02
   1 0.5455012E+02
   3 0.5452320E+02
   2 0.5485214E+02
   2 0.5392825E+02
   2 0.5494422E+02
   1 0.5374683E+02
   3 0.5431613E+02
   2 0.5474957E+02
   1 0.5442706E+02
   3 0.5418330E+02
   3 0.5433386E+02
   2 0.5439492E+02
   1 0.5452474E+02
   1 0.5369974E+02
   1 0.4207083E+02
   1 0.5525878E+02
   1 0.2013366E+02
   3 0.5456744E+02
   2 0.5444740E+02
   1 0.5452114E+02
   3 0.5383971E+02
   2 0.5465464E+02
   1 0.5394303E+02
   1 0.5435813E+02
   2 0.5401681E+02
   3 0.5394242E+02
   2 0.5350306E+02
   1 0.5498758E+02
   3 0.5555952E+02
   2 0.5389161E+02
   1 0.5414609E+02
   3 0.5502757E+02
   2 0.5500570E+02
   1 0.5420348E+02
   3 0.5426156E+02
   2 0.5416467E+02
   1 0.5429908E+02
   3 0.5406564E+02
   2 0.5459288E+02
   2 0.5410109E+02
   1 0.5444949E+02
   3 0.5426166E+02
   2 0.5443483E+02
   2 0.5532959E+02
   1 0.5500595E+02
   3 0.5417414E+02
   2 0.5427742E+02
   1 0.5372381E+02
   3 0.5465873E+02
   2 0.5404959E+02
   1 0.5418918E+02
   1 0.5431671E+02
   3 0.5430574E+02
   2 0.5383585E+02
   2 0.5464799E+02
   2 0.2964547E+02
   2 0.5473961E+02
   1 0.5514413E+02
   3 0.5485312E+02
   2 0.5442465E+02
   1 0.5442651E+02
   3 0.5409239E+02
   3 0.5412650E+02
   2 0.5430386E+02
   1 0.5410725E+02
   3 0.5422868E+02
   2 0.5407601E+02
   1 0.5502601E+02
   1 0.5458019E+02
   3 0.5402945E+02
   2 0.5442638E+02
   1 0.5477467E+02
   3 0.5408668E+02
   1 0.5423276E+02
   2 0.5415526E+02
   3 0.5441825E+02
   1 0.5478396E+02
   1 0.2157726E+02
   2 0.5397827E+02
   3 0.5435528E+02
   3 0.5483336E+02
   1 0.5425653E+02
   3 0.5519982E+02
   1 0.5376378E+02
   2 0.5448468E+02
   3 0.5409723E+02
   1 0.5432836E+02
   2 0.5418818E+02
   3 0.5411842E+02
   2 0.4760870E+02
   1 0.5372217E+02
   3 0.5449635E+02
   2 0.5417335E+02
   1 0.5388625E+02
   3 0.5468921E+02
   2 0.5442821E+02
   1 0.5499506E+02
   3 0.5435716E+02
   2 0.5440799E+02
   2 0.5344552E+02
   2 0.5337069E+02
   2 0.5589830E+02
   1 0.5478284E+02
   3 0.5446098E+02
   3 0.5511490E+02
   3 0.5419923E+02
   3 0.5516859E+02
   2 0.5410056E+02
   2 0.5474336E+02
   3 0.5429645E+02
   1 0.5488124E+02
   2 0.5375266E+02
   2 0.1472802E+02
   2 0.5467329E+02
   3 0.5439869E+02
   1 0.5440516E+02
   2 0.5476670E+02
   3 0.5499855E+02
   3 0.3038003E+02
   1 0.5398376E+02
   2 0.5453118E+02
   2 0.5530072E+02
   3 0.5487572E+02
   1 0.5487507E+02
   1 0.4779539E+02
   1 0.5376300E+02
   2 0.5498530E+02
   1 0.5533595E+02
   1 0.5374953E+02
   3 0.5478327E+02
   2 0.5417377E+02
   1 0.5446411E+02
   1 0.5488914E+02
   3 0.5394463E+02
   3 0.5503744E+02
   3 0.4029949E+02
   2 0.5527629E+02
   1 0.5443493E+02
   1 0.5391555E+02
   1 0.5482222E+02
   3 0.5414938E+02
   2 0.5459297E+02
   3 0.5466291E+02
   3 0.5536252E+02
   1 0.5443155E+02
   2 0.5387637E+02
   2 0.5491071E+02
   3 0.5443934E+02
   2 0.5383801E+02
   3 0.5423336E+02
   2 0.5419055E+02
   1 0.5431381E+02
   1 0.5399621E+02
   3 0.5385328E+02
   2 0.5432920E+02
   2 0.5376460E+02
   1 0.5418765E+02
   3 0.5421465E+02
   3 0.5422749E+02
   2 0.5455118E+02
   3 0.5467847E+02
   3 0.5412621E+02
   1 0.5393113E+02
   3 0.5366992E+02
   2 0.5531578E+02
   1 0.5427248E+02
   3 0.5509974E+02
   1 0.5404668E+02
   3 0.5451547E+02
   3 0.5563593E+02
   2 0.5399951E+02
   2 0.5454568E+02
   2 0.5477123E+02
   2 0.5512149E+02
   1 0.5460750E+02
   2 0.5448826E+02
   3 0.5457472E+02
   3 0.5510198E+02
   3 0.5430644E+02
   3 0.5404101E+02
   1 0.5435886E+02
   2 0.5466317E+02
   3 0.5423907E+02
   1 0.5414034E+02
   2 0.5433718E+02
   3 0.5488190E+02
   3 0.5556754E+02
   1 0.5402936E+02
   2 0.5459372E+02
   1 0.5442898E+02
   3 0.5416557E+02
   2 0.5403523E+02
   1 0.5360592E+02
   3 0.5459685E+02
   2 0.5457203E+02
   2 0.5507416E+02
   1 0.5398201E+02
   3 0.5466753E+02
   2 0.5439809E+02
   1 0.5404893E+02
   2 0.5362898E+02
   3 0.5422884E+02
   1 0.5367782E+02
   2 0.5428662E+02
   3 0.5449042E+02
   1 0.5409731E+02
   2 0.5450104E+02
   3 0.5482356E+02
   1 0.5453198E+02
   2 0.5422859E+02
   3 0.5380153E+02
   3 0.5494185E+02
   3 0.4450360E+02
   1 0.5458704E+02
   2 0.5500364E+02
   3 0.5392659E+02
   2 0.5494580E+02
   2 0.5141069E+02
   1 0.5434109E+02
   3 0.5447342E+02
   2 0.5446264E+02
   3 0.5407929E+02
   3 0.5409058E+02
   1 0.5434236E+02
   1 0.5456121E+02
   2 0.5476184E+02
   1 0.5433515E+02
   2 0.5571840E+02
   1 0.5496662E+02
   3 0.5394787E+02
   1 0.5423233E+02
   3 0.5401837E+02
   2 0.5437053E+02
   1 0.5494137E+02
   3 0.5457661E+02
   3 0.5504439E+02
   2 0.5407452E+02
   1 0.5473644E+02
   3 0.5438448E+02
   3 0.5330323E+02
   2 0.5418770E+02
   1 0.5429495E+02
   3 0.5371246E+02
   2 0.5391618E+02
   1 0.5462440E+02
   3 0.5414108E+02
   2 0.5413708E+02
   1 0.5420480E+02
   3 0.5354617E+02
   2 0.5426237E+02
   2 0.5470710E+02
   1 0.5439092E+02
   1 0.5368298E+02
   3 0.5460775E+02
   2 0.5415001E+02
   1 0.5457694E+02
   1 0.4715585E+02
   3 0.5447670E+02
   2 0.5444591E+02
   1 0.5380357E+02
   3 0.5451883E+02
   3 0.5424995E+02
   2 0.5473568E+02
   3 0.5447963E+02
   2 0.5485982E+02
   2 0.4985635E+02
   2 0.4681350E+02
   1 0.5429934E+02
   3 0.5431015E+02
   2 0.5428910E+02
   2 0.5435863E+02
   1 0.5350269E+02
   2 0.5443715E+02
   3 0.5431672E+02
   1 0.5469900E+02
   2 0.5415621E+02
   2 0.5502301E+02
   3 0.5476251E+02
   1 0.5429283E+02
   1 0.5470718E+02
   2 0.5410697E+02
   1 0.5350087E+02
   3 0.5492544E+02
   2 0.5227468E+02
   1 0.5517668E+02
   3 0.5406358E+02
   3 0.5434531E+02
   3 0.5406233E+02
   2 0.5418611E+02
   1 0.5454869E+02
   1 0.5503775E+02
   3 0.5393326E+02
   2 0.5411684E+02
   2 0.5494317E+02
   1 0.5431029E+02
   1 0.5375954E+02
   3 0.5470846E+02
   2 0.5396952E+02
   1 0.5458421E+02
   3 0.5463037E+02
   1 0.5421509E+02
   3 0.5426678E+02
   2 0.5417824E+02
   2 0.5389334E+02
   1 0.5404120E+02
   3 0.5451237E+02
   3 0.5508479E+02
   2 0.5407035E+02
   2 0.5479761E+02
   1 0.5457789E+02
   2 0.5420461E+02
   1 0.5345001E+02
   3 0.5469689E+02
   2 0.5412505E+02
   3 0.5372398E+02
   3 0.5392911E+02
   3 0.5018291E+02
   1 0.5442302E+02
   1 0.4267407E+02
   2 0.5442132E+02
   2 0.3892204E+02
   3 0.5419702E+02
   1 0.5418687E+02
   2 0.5377641E+02
   1 0.5408677E+02
   3 0.5378691E+02
   3 0.5480912E+02
   3 0.5400692E+02
   2 0.5406134E+02
   1 0.5455205E+02
   2 0.1493499E+02
   3 0.5484340E+02
   1 0.5488425E+02
   2 0.5433995E+02
   1 0.5452971E+02
   2 0.5485172E+02
   1 0.5448010E+02
   2 0.5338533E+02
   1 0.5409674E+02
   3 0.5406524E+02
   1 0.5397346E+02
   2 0.5410629E+02
   3 0.5419309E+02
   1 0.5390305E+02
   1 0.5385458E+02
   1 0.5480989E+02
   1 0.5407009E+02
   1 0.5607188E+02
   2 0.5393473E+02
   1 0.5358126E+02
   3 0.5526733E+02
   2 0.5527207E+02
   1 0.5391604E+02
   2 0.5522187E+02
   3 0.5454328E+02
   3 0.5450696E+02
   3 0.5389407E+02
   3 0.5414735E+02
   1 0.5475732E+02
   3 0.5400703E+02
   2 0.5424615E+02
   1 0.5413742E+02
   3 0.5497766E+02
   2 0.5426035E+02
   1 0.5463168E+02
   3 0.5450231E+02
   1 0.5369091E+02
   2 0.5473351E+02
   3 0.5378569E+02
   1 0.5423487E+02
   2 0.5373168E+02
   3 0.5414943E+02
   1 0.5421519E+02
   1 0.5439816E+02
   1 0.5204097E+02
   1 0.5455140E+02
   2 0.5496690E+02
   3 0.5459338E+02
   3 0.5431944E+02
   3 0.5459555E+02
   1 0.5376496E+02
   2 0.5415650E+02
   3 0.5431330E+02
   1 0.5448237E+02
   2 0.5434515E+02
   3 0.5375684E+02
   1 0.5470211E+02
   1 0.5482836E+02
   2 0.5398156E+02
   3 0.5434700E+02
   1 0.5445044E+02
   2 0.5422295E+02
   3 0.5409987E+02
   1 0.5405764E+02
   2 0.5450954E+02
   3 0.5385160E+02
   3 0.5417039E+02
   1 0.5438581E+02
   2 0.5466915E+02
   2 0.5494809E+02
   1 0.5449322E+02
   3 0.5446213E+02
   3 0.5432118E+02
   2 0.5458028E+02
   2 0.5506475E+02
   3 0.5382560E+02
   1 0.5386072E+02
   2 0.5457943E+02
   3 0.5396072E+02
   1 0.5469117E+02
   1 0.5339139E+02
   2 0.5506712E+02
   3 0.5422004E+02
   3 0.5371895E+02
   3 0.5392302E+02
   1 0.5420945E+02
   2 0.5432139E+02
   2 0.5545842E+02
   3 0.5388651E+02
   1 0.5429241E+02
   1 0.5460486E+02
   2 0.5489608E+02
   2 0.9855305E+01
   2 0.5474635E+02
   3 0.5367960E+02
   2 0.5409308E+02
   3 0.5507200E+02
   2 0.3946509E+02
   1 0.5464378E+02
   3 0.5448547E+02
   2 0.5389900E+02
   3 0.5485501E+02
   1 0.5462715E+02
   2 0.5373577E+02
   3 0.5425254E+02
   1 0.5479300E+02
   2 0.5524699E+02
   1 0.5406444E+02
   3 0.5393928E+02
   2 0.5421847E+02
   1 0.5450822E+02
   3 0.5428475E+02
   2 0.5410883E+02
   1 0.5440241E+02
   3 0.5446776E+02
   2 0.5506625E+02
   3 0.5343422E+02
   1 0.5420252E+02
   1 0.5510259E+02
   2 0.5443261E+02
   3 0.5449103E+02
   1 0.5483821E+02
   2 0.5459815E+02
   3 0.5440245E+02
   3 0.5526821E+02
   3 0.5438496E+02
   1 0.5450745E+02
   5 0.5389337E+02
   4 0.5422458E+02
   6 0.5392243E+02
   7 0.5397678E+02
   2 0.5433623E+02
   5 0.5492152E+02
   3 0.5490660E+02
   3 0.5489863E+02
   3 0.2116454E+02
   1 0.5522060E+02
   4 0.5430966E+02
   6 0.5440077E+02
   7 0.5407437E+02
   2 0.5454663E+02
   5 0.5457725E+02
   4 0.5418969E+02
   2 0.5372439E+02
   3 0.5404488E+02
   3 0.5505324E+02
   1 0.5427756E+02
   3 0.5492291E+02
   6 0.5432601E+02
   7 0.5426498E+02
   5 0.5499950E+02
   4 0.5448241E+02
   7 0.5453330E+02
   3 0.5373665E+02
   2 0.5456848E+02
   1 0.5379952E+02
   6 0.5397605E+02
   6 0.3779678E+02
   5 0.5454362E+02
   5 0.5385173E+02
   3 0.5496630E+02
   7 0.5449550E+02
   4 0.5438278E+02
   7 0.6636703E+01
   7 0.5477865E+02
   2 0.5426627E+02
   1 0.5485992E+02
   2 0.5479605E+02
   6 0.5443218E+02
   5 0.5401006E+02
   3 0.5436883E+02
   4 0.5471294E+02
   5 0.5467248E+02
   7 0.5477142E+02
   7 0.5486476E+02
   1 0.5491908E+02
   2 0.5473222E+02
   1 0.1480215E+02
   7 0.5371333E+02
   6 0.5445308E+02
   2 0.5446525E+02
   1 0.5401578E+02
   3 0.5462090E+02
   4 0.5383924E+02
   2 0.5390630E+02
   5 0.5415347E+02
   3 0.5493906E+02
   3 0.5478125E+02
   2 0.2567742E+02
   7 0.5426033E+02
   6 0.5420131E+02
   2 0.5430421E+02
   1 0.5448551E+02
   4 0.5415366E+02
   5 0.5492379E+02
   3 0.5420241E+02
   7 0.5408631E+02
   3 0.5518811E+02
   6 0.5471202E+02
   1 0.5439832E+02
   2 0.5421775E+02
   2 0.4296372E+02
   4 0.5444941E+02
   5 0.5447119E+02
   1 0.5429227E+02
   4 0.5412195E+02
   5 0.5372546E+02
   1 0.5438027E+02
   7 0.5450201E+02
   3 0.5374063E+02
   6 0.5380347E+02
   2 0.5400074E+02
   2 0.5376894E+02
   4 0.5401039E+02
   5 0.5465918E+02
   1 0.5476068E+02
   1 0.5474012E+02
   7 0.5422240E+02
   3 0.5475891E+02
   6 0.5421031E+02
   7 0.5440010E+02
   7 0.5425112E+02
   2 0.5409317E+02
   2 0.5516161E+02
   5 0.5475798E+02
   4 0.5375839E+02
   2 0.5446760E+02
   4 0.5511847E+02
   1 0.5399595E+02
   3 0.5386515E+02
   6 0.5465104E+02
   1 0.5381505E+02
   3 0.5478164E+02
   6 0.5410589E+02
   7 0.5422435E+02
   6 0.4449548E+02
   7 0.5299015E+02
   5 0.5408016E+02
   6 0.5375700E+02
   7 0.5525281E+02
   2 0.5368759E+02
   4 0.5458477E+02
   4 0.5413040E+02
   1 0.5442737E+02
   3 0.5420970E+02
   1 0.5459509E+02
   1 0.5498430E+02
   5 0.5463958E+02
   1 0.5419308E+02
   6 0.5414905E+02
   7 0.5394645E+02
   2 0.5408959E+02
   1 0.5385406E+02
   4 0.5457667E+02
   4 0.5482914E+02
   3 0.5516711E+02
   5 0.5454444E+02
   6 0.5454367E+02
   7 0.5509729E+02
   2 0.5385354E+02
   1 0.5452529E+02
   2 0.5436906E+02
   1 0.5477360E+02
   4 0.5471957E+02
   3 0.5433751E+02
   5 0.5447777E+02
   6 0.5424142E+02
   7 0.5419552E+02
   2 0.5396630E+02
   1 0.5447759E+02
   4 0.5466579E+02
   2 0.5389288E+02
   3 0.5412743E+02
   4 0.5503124E+02
   2 0.5369902E+02
   5 0.5422709E+02
   6 0.5418086E+02
   7 0.5416849E+02
   7 0.5529485E+02
   1 0.5458357E+02
   3 0.5459018E+02
   1 0.5400120E+02
   4 0.5463691E+02
   2 0.5396665E+02
   5 0.5456409E+02
   6 0.5439405E+02
   2 0.5436058E+02
   5 0.5461435E+02
   7 0.5423342E+02
   6 0.5368770E+02
   7 0.7480332E+01
   7 0.5449657E+02
   3 0.5495254E+02
   1 0.5489975E+02
   4 0.5458148E+02
   1 0.5405663E+02
   4 0.5452293E+02
   2 0.5385902E+02
   4 0.5378541E+02
   5 0.5353178E+02
   6 0.5486300E+02
   2 0.5411598E+02
   7 0.5427650E+02
   2 0.5385714E+02
   7 0.5598968E+02
   3 0.5513563E+02
   1 0.5453167E+02
   4 0.5445158E+02
   5 0.5474700E+02
   6 0.5404160E+02
   4 0.5382957E+02
   2 0.5511149E+02
   7 0.5433858E+02
   3 0.5442757E+02
   1 0.5467837E+02
   7 0.5377733E+02
   7 0.5498080E+02
   5 0.5401139E+02
   6 0.5462469E+02
   7 0.5446302E+02
   4 0.5404370E+02
   6 0.5326510E+02
   2 0.5490527E+02
   3 0.5497038E+02
   2 0.5392154E+02
   1 0.5465760E+02
   2 0.5417804E+02
   5 0.5403315E+02
   7 0.5427854E+02
   4 0.5440062E+02
   5 0.5398520E+02
   6 0.5431539E+02
   5 0.5509423E+02
   3 0.5448882E+02
   3 0.5292610E+02
   2 0.5370375E+02
   1 0.5409132E+02
   3 0.5381215E+02
   7 0.5428575E+02
   4 0.5491498E+02
   3 0.5387751E+02
   6 0.5397560E+02
   5 0.5488724E+02
   5 0.5362223E+02
   2 0.5491546E+02
   1 0.5424066E+02
   7 0.5428416E+02
   4 0.5470600E+02
   3 0.5417563E+02
   6 0.5428456E+02
   3 0.5365074E+02
   6 0.5456068E+02
   5 0.5416178E+02
   5 0.5387291E+02
   2 0.5455939E+02
   1 0.5459039E+02
   7 0.5439755E+02
   4 0.5484699E+02
   4 0.5318103E+02
   3 0.5391084E+02
   6 0.5367553E+02
   5 0.5470903E+02
   6 0.5416371E+02
   2 0.5428463E+02
   1 0.5457784E+02
   1 0.5463510E+02
   7 0.5416380E+02
   4 0.5451477E+02
   7 0.5464457E+02
   3 0.5515680E+02
   7 0.5355021E+02
   7 0.5473744E+02
   5 0.5434367E+02
   6 0.5437844E+02
   2 0.5504495E+02
   2 0.5335355E+02
   6 0.5378249E+02
   1 0.5411897E+02
   4 0.5410650E+02
   6 0.5432534E+02
   3 0.5465797E+02
   4 0.5432086E+02
   4 0.5489886E+02
   3 0.5464464E+02
   5 0.5385472E+02
   7 0.5420382E+02
   3 0.5500094E+02
   2 0.5457337E+02
   1 0.5443566E+02
   6 0.5457590E+02
   6 0.1765710E+02
   4 0.5464286E+02
   7 0.5428814E+02
   5 0.5428647E+02
   3 0.5387317E+02
   7 0.5400335E+02
   3 0.5464117E+02
   5 0.5427838E+02
   2 0.5430626E+02
   7 0.5487603E+02
   1 0.5409337E+02
   6 0.5412862E+02
   1 0.5520219E+02
   4 0.5404549E+02
   1 0.5390559E+02
   5 0.5454989E+02
   3 0.5509145E+02
   2 0.5392121E+02
   7 0.5446837E+02
   6 0.5432434E+02
   6 0.5543687E+02
   4 0.5439132E+02
   1 0.5416682E+02
   6 0.5447049E+02
   5 0.5434091E+02
   3 0.5417328E+02
   2 0.5445277E+02
   7 0.5403480E+02
   2 0.5019206E+02
   3 0.5395184E+02
   7 0.5447175E+02
   4 0.5406752E+02
   1 0.5482952E+02
   6 0.5403044E+02
   1 0.5445661E+02
   4 0.5339161E+02
   4 0.5407385E+02
   6 0.5398539E+02
   1 0.5518328E+02
   5 0.5507001E+02
   2 0.5424493E+02
   3 0.5466928E+02
   7 0.5432116E+02
   3 0.5495847E+02
   4 0.5436734E+02
   6 0.5408237E+02
   1 0.5452226E+02
   5 0.5439511E+02
   1 0.5439459E+02
   2 0.5444097E+02
   5 0.5415821E+02
   7 0.5425845E+02
   2 0.5487335E+02
   5 0.5475753E+02
   3 0.5450990E+02
   4 0.5415743E+02
   6 0.5415863E+02
   1 0.5437598E+02
   7 0.5388574E+02
   2 0.5464739E+02
   5 0.5440155E+02
   3 0.5423358E+02
   7 0.5378091E+02
   4 0.5491966E+02
   6 0.5491510E+02
   6 0.5435652E+02
   1 0.5442727E+02
   1 0.5340201E+02
   5 0.5389310E+02
   2 0.5423125E+02
   3 0.5469063E+02
   7 0.5396650E+02
   4 0.5369627E+02
   4 0.4839597E+02
   6 0.5421603E+02
   6 0.5512293E+02
   1 0.5420944E+02
   5 0.5553396E+02
   6 0.5394927E+02
   2 0.5456859E+02
   5 0.5476525E+02
   3 0.5425790E+02
   7 0.5440385E+02
   4 0.5361838E+02
   3 0.5431048E+02
   7 0.5380264E+02
   1 0.5437865E+02
   6 0.5396160E+02
   2 0.5415334E+02
   5 0.5441860E+02
   4 0.5452336E+02
   7 0.5401198E+02
   3 0.5382208E+02
   7 0.5368049E+02
   7 0.5453961E+02
   1 0.5372450E+02
   6 0.5430718E+02
   2 0.5399922E+02
   7 0.5463844E+02
   5 0.5401743E+02
   1 0.5368455E+02
   4 0.5479878E+02
   3 0.5420813E+02
   3 0.5505832E+02
   6 0.5451322E+02
   2 0.5403897E+02
   7 0.5373142E+02
   5 0.5468084E+02
   1 0.5408889E+02
   4 0.5486539E+02
   3 0.5452663E+02
   2 0.5388710E+02
   6 0.5447969E+02
   7 0.5490710E+02
   6 0.5509829E+02
   5 0.5466231E+02
   1 0.5461285E+02
   4 0.5454317E+02
   5 0.5536846E+02
   5 0.5506657E+02
   4 0.5478839E+02
   3 0.5399373E+02
   2 0.5493355E+02
   2 0.5016364E+02
   7 0.5472615E+02
   6 0.5466455E+02
   1 0.5485788E+02
   6 0.5526049E+02
   1 0.5322287E+02
   6 0.5522209E+02
   5 0.5485818E+02
   4 0.5440644E+02
   6 0.5453801E+02
   3 0.5404211E+02
   5 0.5167673E+02
   2 0.5366309E+02
   7 0.5518823E+02
   2 0.5399220E+02
   7 0.5569199E+02
   1 0.5478399E+02
   7 0.5455338E+02
   4 0.5434736E+02
   7 0.3418605E+02
   1 0.5415247E+02
   6 0.5422323E+02
   5 0.5396658E+02
   4 0.5478002E+02
   3 0.5471716E+02
   7 0.5491521E+02
   1 0.5490210E+02
   6 0.5507511E+02
   5 0.5503084E+02
   3 0.5431775E+02
   7 0.1628679E+02
   4 0.5414788E+02
   6 0.5489025E+02
   7 0.5557618E+02
   2 0.5401716E+02
   1 0.5404604E+02
   5 0.5391587E+02
   1 0.5512611E+02
   3 0.5400048E+02
   4 0.5423023E+02
   6 0.5483376E+02
   3 0.5361637E+02
   4 0.5449428E+02
   7 0.5421230E+02
   2 0.5358176E+02
   7 0.5448743E+02
   5 0.5406690E+02
   1 0.5433251E+02
   5 0.5021879E+02
   1 0.5210977E+01
   6 0.5445155E+02
   4 0.5449991E+02
   3 0.5428076E+02
   2 0.5444554E+02
   4 0.5515222E+02
   7 0.5378857E+02
   7 0.5473171E+02
   5 0.5440708E+02
   1 0.5379501E+02
   6 0.5418920E+02
   6 0.5469360E+02
   3 0.5413858E+02
   2 0.5430621E+02
   3 0.5474161E+02
   4 0.5378287E+02
   2 0.5472020E+02
   7 0.5482760E+02
   5 0.5488222E+02
   1 0.5453834E+02
   5 0.5472132E+02
   6 0.5514155E+02
   6 0.5147680E+02
   4 0.5432557E+02
   2 0.5438387E+02
   3 0.5453743E+02
   3 0.4352049E+02
   7 0.5433927E+02
   3 0.5458159E+02
   1 0.5455990E+02
   5 0.5467699E+02
   5 0.5493565E+02
   6 0.5447476E+02
   4 0.5451750E+02
   2 0.5398757E+02
   6 0.5342839E+02
   4 0.5438693E+02
   7 0.5426973E+02
   4 0.5373334E+02
   3 0.5401000E+02
   1 0.5413265E+02
   7 0.5379647E+02
   5 0.5451805E+02
   2 0.5399023E+02
   6 0.5387018E+02
   6 0.5450306E+02
   2 0.5372858E+02
   4 0.5480788E+02
   3 0.5356599E+02
   1 0.5432204E+02
   4 0.5394551E+02
   7 0.5433572E+02
   5 0.5411921E+02
   3 0.5520154E+02
   4 0.5488830E+02
   5 0.5444431E+02
   4 0.5414646E+02
   4 0.5457767E+02
   6 0.5423151E+02
   2 0.5376029E+02
   1 0.5457122E+02
   7 0.5378134E+02
   3 0.5480511E+02
   5 0.5546794E+02
   5 0.5438540E+02
   4 0.5435155E+02
   6 0.5459734E+02
   2 0.5461028E+02
   5 0.5377140E+02
   4 0.5484952E+02
   1 0.5359947E+02
   7 0.5405045E+02
   3 0.5448216E+02
   8 0.5356434E+02
  14 0.5231992E+02
   8 0.5418861E+02
   7 0.2880872E+02
   2 0.5495445E+02
   3 0.4435020E+02
   5 0.5437983E+02
  12 0.5440629E+02
   6 0.5458218E+02
  10 0.1835495E+02
   5 0.5417332E+02
  11 0.5506734E+02
   6 0.5395997E+02
   8 0.5431600E+02
   4 0.5488393E+02
   8 0.5416716E+02
   5 0.5435101E+02
   6 0.5468875E+02
   8 0.5450328E+02
  15 0.5463116E+02
   2 0.5461451E+02
  14 0.5433826E+02
   5 0.5432993E+02
   2 0.5375689E+02
   8 0.5521529E+02
  11 0.5442064E+02
   5 0.5409818E+02
  15 0.5525208E+02
   2 0.5380463E+02
   8 0.5396544E+02
   8 0.5461290E+02
  13 0.5518961E+02
   9 0.5433583E+02
   5 0.5421752E+02
   2 0.5468826E+02
  15 0.5470029E+02
   6 0.5398929E+02
   1 0.5466309E+02
   9 0.5469664E+02
   8 0.5458646E+02
   7 0.5427732E+02
   3 0.5421460E+02
   5 0.5473849E+02
  12 0.5409390E+02
   2 0.5493132E+02
  10 0.5436850E+02
  15 0.5501297E+02
   8 0.5491873E+02
  10 0.4258931E+02
   5 0.5467077E+02
  14 0.5497947E+02
   8 0.5367240E+02
   6 0.5398638E+02
  13 0.5366016E+02
   4 0.5498010E+02
   5 0.5434835E+02
   8 0.5451860E+02
   2 0.5492445E+02
   8 0.5471662E+02
  11 0.5482419E+02
   5 0.5435746E+02
   2 0.5432744E+02
   8 0.5452425E+02
   2 0.5411118E+02
  13 0.5497568E+02
  14 0.5409249E+02
  15 0.5456875E+02
   5 0.5406638E+02
   8 0.5492554E+02
   2 0.5482980E+02
   2 0.5423940E+02
  14 0.4877146E+02
   2 0.5455986E+02
   5 0.5488436E+02
  13 0.5515754E+02
  11 0.5391420E+02
   6 0.5449961E+02
   1 0.5438487E+02
   8 0.5444412E+02
   5 0.5444518E+02
   5 0.5456148E+02
   9 0.5556762E+02
  12 0.5458525E+02
   1 0.5472221E+02
   5 0.5529118E+02
  11 0.5589279E+02
   2 0.5475850E+02
   5 0.5400410E+02
   3 0.5477874E+02
   8 0.5447188E+02
   5 0.5488543E+02
   5 0.5537789E+02
   2 0.5393400E+02
   7 0.5402802E+02
   2 0.5496364E+02
  10 0.5429154E+02
   3 0.5489465E+02
   8 0.5410948E+02
   1 0.5486643E+02
   5 0.5410464E+02
   4 0.5385346E+02
   5 0.5496383E+02
  15 0.5425940E+02
   2 0.5475828E+02
   8 0.5417065E+02
   2 0.5420677E+02
  14 0.5499122E+02
  10 0.5436954E+02
   5 0.5418990E+02
  13 0.5365209E+02
   6 0.5405750E+02
   8 0.5420435E+02
  14 0.5410476E+02
   2 0.5413432E+02
   2 0.5472204E+02
  10 0.5518092E+02
   5 0.5430049E+02
  11 0.5436803E+02
   9 0.5397441E+02
   8 0.5433935E+02
   2 0.5503674E+02
   5 0.5415705E+02
  11 0.5508890E+02
   5 0.5399246E+02
  12 0.5443676E+02
  14 0.5430561E+02
  15 0.5436651E+02
   9 0.5505603E+02
   8 0.5425223E+02
   8 0.5441064E+02
   2 0.5483235E+02
   6 0.5413314E+02
   5 0.5453559E+02
  12 0.5490505E+02
   3 0.5421124E+02
   8 0.5487793E+02
   8 0.5567802E+02
   2 0.5423754E+02
  11 0.5403717E+02
   1 0.5390913E+02
  12 0.5322028E+02
   7 0.5428488E+02
   5 0.5413319E+02
   7 0.5428802E+02
  13 0.5470929E+02
   8 0.5437640E+02
   2 0.5444623E+02
   5 0.5444774E+02
   5 0.5402420E+02
   4 0.5456130E+02
  14 0.5449969E+02
   8 0.5431326E+02
   2 0.5425894E+02
  15 0.5450088E+02
   5 0.5480392E+02
   8 0.5469907E+02
  10 0.5374792E+02
   2 0.5356854E+02
   6 0.5391899E+02
   9 0.5360207E+02
  13 0.5417550E+02
   5 0.5505514E+02
   3 0.5428725E+02
  14 0.5459992E+02
  11 0.5454192E+02
   8 0.5435632E+02
   6 0.5377050E+02
   8 0.1996770E+02
   2 0.5389986E+02
  14 0.5109849E+02
   2 0.5524328E+02
   5 0.5421204E+02
   8 0.5450979E+02
   8 0.5462397E+02
   2 0.5444025E+02
   5 0.5439992E+02
   2 0.5367174E+02
   5 0.5597651E+02
   1 0.5499355E+02
   2 0.5347767E+02
  12 0.5419489E+02
   2 0.5431993E+02
   8 0.5536408E+02
  15 0.5416334E+02
   8 0.8453311E+01
   4 0.5413297E+02
   8 0.3175389E+02
   5 0.5425635E+02
   2 0.5439205E+02
  12 0.5444138E+02
   2 0.5395974E+02
   8 0.5486725E+02
   7 0.5487748E+02
  11 0.5432147E+02
   5 0.5423373E+02
   9 0.5416528E+02
  15 0.5453829E+02
  11 0.5527365E+02
   7 0.5539286E+02
  13 0.5420430E+02
   6 0.5411485E+02
  10 0.5443189E+02
   9 0.5364518E+02
   2 0.5455496E+02
   8 0.5440953E+02
   5 0.5533587E+02
   3 0.5423970E+02
   2 0.5445963E+02
  14 0.5476430E+02
   5 0.5463937E+02
   2 0.5402552E+02
  10 0.5280835E+02
   8 0.5424829E+02
   5 0.5410644E+02
   3 0.5397603E+02
   7 0.5443948E+02
   2 0.5451195E+02
  13 0.5323588E+02
   4 0.5394887E+02
   8 0.5459246E+02
   5 0.5461288E+02
  15 0.5414195E+02
  14 0.5394535E+02
   2 0.5441228E+02
   2 0.5467940E+02
   1 0.5513943E+02
  12 0.5462914E+02
  11 0.5500614E+02
  14 0.5467225E+02
   8 0.5375702E+02
   5 0.5475141E+02
   8 0.5416786E+02
   5 0.5512954E+02
   6 0.5437174E+02
   2 0.5388194E+02
   2 0.5408206E+02
   2 0.5407438E+02
   8 0.5424730E+02
   2 0.5430241E+02
   1 0.5420906E+02
   7 0.5449276E+02
   5 0.5433896E+02
   5 0.5479843E+02
   2 0.5468409E+02
   8 0.5400062E+02
   9 0.5404401E+02
  15 0.5438984E+02
  10 0.5478279E+02
   8 0.3918797E+02
   3 0.5462462E+02
   5 0.5432546E+02
  10 0.5429234E+02
   2 0.5373333E+02
   7 0.5343542E+02
   8 0.5464992E+02
   1 0.5468610E+02
  12 0.5451233E+02
  14 0.5478763E+02
   4 0.5423285E+02
   7 0.5425130E+02
   5 0.5491500E+02
   2 0.5479858E+02
  11 0.5423991E+02
   5 0.5361426E+02
   8 0.5433660E+02
  13 0.5395862E+02
   5 0.5468784E+02
   1 0.5401328E+02
   6 0.5404377E+02
   7 0.5459308E+02
  11 0.5476034E+02
   2 0.5486784E+02
   8 0.5391039E+02
   5 0.5466829E+02
   2 0.5419732E+02
   8 0.5522110E+02
   2 0.5445562E+02
  15 0.5492035E+02
   1 0.5482756E+02
   9 0.5479839E+02
   2 0.5459703E+02
   3 0.5388483E+02
   9 0.5434069E+02
  14 0.5505276E+02
   5 0.5397025E+02
   8 0.5464993E+02
   2 0.5358186E+02
   2 0.5460659E+02
   5 0.5418837E+02
   8 0.5460073E+02
   5 0.5339318E+02
   6 0.5465694E+02
  10 0.5411101E+02
  15 0.5415799E+02
  14 0.5398522E+02
   4 0.5482611E+02
   2 0.5462105E+02
   8 0.5420894E+02
   5 0.5426516E+02
   8 0.5394400E+02
   5 0.5501246E+02
   8 0.5471739E+02
  11 0.5426404E+02
  13 0.5363282E+02
   5 0.5351421E+02
   2 0.5396736E+02
  12 0.5418149E+02
  14 0.5399324E+02
   7 0.5426836E+02
  13 0.5471331E+02
  12 0.5559361E+02
   5 0.5383879E+02
  12 0.5446266E+02
   2 0.5448918E+02
   1 0.5404264E+02
   4 0.5363561E+02
   8 0.5419381E+02
   2 0.5473780E+02
   8 0.5396812E+02
  14 0.5390614E+02
   6 0.5445164E+02
   5 0.5452832E+02
   9 0.5477238E+02
   3 0.5406388E+02
   2 0.5421965E+02
   8 0.5414005E+02
  15 0.5418475E+02
  10 0.5421649E+02
   2 0.5409937E+02
  10 0.4430172E+02
   2 0.5359700E+02
  11 0.5485616E+02
   4 0.5469974E+02
   5 0.5412382E+02
   8 0.5471364E+02
   6 0.5389845E+02
  10 0.5494256E+02
   2 0.5466012E+02
  14 0.5391688E+02
   6 0.5514696E+02
  10 0.5446349E+02
   2 0.5505148E+02
  13 0.5431273E+02
   7 0.5462603E+02
  14 0.4138919E+02
   4 0.5430275E+02
   6 0.5443275E+02
   2 0.5505091E+02
  10 0.5448545E+02
   6 0.5465257E+02
  12 0.5376219E+02
  15 0.5430573E+02
   1 0.5376725E+02
   6 0.5404719E+02
  10 0.5377213E+02
   9 0.5472507E+02
   7 0.5463490E+02
   5 0.5500826E+02
   4 0.5475369E+02
   2 0.5397240E+02
   3 0.5400819E+02
  11 0.5380535E+02
   2 0.5320861E+02
  15 0.5458028E+02
   6 0.5529399E+02
  10 0.5531819E+02
   7 0.5550830E+02
   5 0.5477876E+02
   2 0.5500186E+02
   2 0.2748858E+02
   2 0.5468709E+02
   1 0.5502776E+02
  14 0.5457925E+02
   6 0.5417798E+02
   5 0.5404536E+02
  10 0.5433166E+02
   8 0.5425920E+02
  15 0.5434314E+02
   2 0.5425046E+02
   6 0.5484336E+02
   1 0.5478308E+02
  10 0.5458149E+02
   4 0.5414265E+02
   2 0.5477721E+02
   1 0.4341111E+02
  13 0.5403669E+02
   9 0.5433042E+02
  11 0.5440848E+02
   6 0.5408510E+02
  10 0.5444558E+02
  10 0.5427434E+02
   2 0.5402310E+02
  10 0.5351438E+02
   2 0.5455611E+02
  12 0.5381603E+02
   6 0.5444515E+02
  14 0.5428230E+02
   4 0.5460462E+02
   3 0.5452935E+02
  10 0.5448976E+02
   2 0.5448332E+02
  15 0.5468463E+02
   6 0.5421674E+02
   2 0.5322214E+02
   7 0.5425763E+02
   6 0.5381177E+02
   6 0.5485701E+02
  10 0.5460977E+02
   6 0.5504252E+02
   2 0.5481530E+02
  14 0.5447712E+02
  12 0.5354530E+02
  15 0.5486410E+02
   2 0.5392242E+02
  10 0.5451261E+02
  11 0.5453145E+02
   6 0.5477593E+02
   5 0.5428517E+02
   8 0.5527430E+02
   5 0.5505554E+02
   9 0.5455656E+02
   2 0.5393163E+02
  12 0.5416031E+02
  15 0.5513007E+02
   1 0.5450142E+02
  10 0.5393741E+02
   4 0.5422605E+02
   6 0.5403964E+02
  10 0.5440027E+02
   8 0.5475811E+02
   6 0.5381010E+02
  11 0.3407170E+02
  13 0.5418086E+02
   2 0.5510309E+02
   5 0.5484198E+02
  10 0.5436935E+02
  15 0.5489881E+02
   4 0.5500965E+02
  10 0.5414043E+02
  14 0.5429059E+02
   6 0.5429548E+02
   2 0.5475049E+02
   7 0.5548419E+02
   3 0.5535723E+02
  10 0.5469691E+02
   6 0.5430019E+02
  10 0.5490872E+02
   2 0.5486825E+02
   6 0.5479126E+02
   6 0.5532410E+02
   2 0.5500581E+02
  14 0.5441817E+02
   2 0.5369042E+02
  15 0.5283248E+02
   9 0.5362311E+02
  11 0.5408595E+02
   7 0.5487304E+02
  10 0.5419215E+02
  10 0.5445105E+02
   6 0.5448787E+02
   4 0.5365671E+02
  10 0.5419726E+02
   2 0.5463444E+02
   6 0.5424667E+02
   7 0.5450676E+02
  15 0.5490046E+02
   2 0.5452166E+02
  12 0.5413757E+02
   6 0.5402863E+02
  13 0.5497604E+02
   1 0.5423455E+02
  10 0.5433691E+02
  10 0.5415818E+02
   2 0.5428608E+02
  11 0.5377477E+02
   6 0.5457751E+02
   6 0.5350982E+02
   6 0.1598249E+02
   8 0.5427982E+02
   7 0.5430525E+02
  14 0.5419469E+02
  10 0.5374402E+02
   2 0.5382825E+02
   5 0.5478143E+02
   3 0.5454620E+02
   6 0.5428310E+02
   6 0.5405770E+02
   1 0.5421007E+02
  10 0.5470779E+02
   6 0.5439228E+02
   2 0.5422984E+02
   4 0.5456411E+02
   9 0.5430843E+02
  15 0.5373227E+02
  10 0.5526657E+02
   6 0.5475369E+02
   2 0.5410313E+02
  10 0.5380033E+02
   6 0.5354339E+02
  12 0.5438219E+02
   2 0.5459939E+02
   4 0.5500338E+02
  11 0.5476875E+02
  15 0.5394960E+02
   1 0.5443236E+02
  14 0.5419712E+02
  13 0.5473982E+02
   8 0.5444133E+02
   3 0.5433914E+02
   7 0.5398557E+02
   5 0.5490186E+02
   9 0.5453901E+02
  22 0.5526600E+02
  29 0.4249138E+02
  29 0.5428960E+02
  12 0.5433877E+02
  10 0.5484265E+02
   5 0.5417452E+02
  12 0.5404438E+02
   6 0.5471033E+02
  19 0.5465866E+02
  29 0.2588449E+02
  12 0.5443313E+02
  11 0.5368859E+02
   7 0.5493553E+02
  12 0.5479964E+02
  11 0.5501851E+02
  12 0.5396423E+02
  22 0.5466511E+02
  12 0.5474357E+02
  19 0.5505056E+02
   9 0.5421489E+02
   6 0.3619410E+02
  27 0.5466685E+02
  20 0.5392020E+02
   5 0.5475371E+02
  29 0.5407252E+02
  12 0.5480667E+02
  14 0.5465683E+02
  30 0.5502081E+02
  25 0.5429395E+02
   1 0.5461052E+02
  19 0.5441891E+02
   9 0.5468501E+02
  14 0.5349967E+02
  29 0.5439728E+02
  25 0.5506137E+02
   6 0.5395865E+02
  12 0.5434940E+02
   5 0.5390661E+02
  27 0.5444096E+02
   5 0.5486050E+02
  12 0.5479635E+02
  19 0.5476843E+02
  18 0.5459017E+02
  29 0.5421966E+02
  17 0.5412535E+02
  26 0.5456629E+02
  29 0.5496417E+02
  12 0.5415304E+02
  11 0.5357372E+02
   9 0.5383594E+02
  22 0.5497744E+02
  15 0.5392109E+02
   5 0.5492187E+02
  29 0.5413389E+02
  13 0.5417570E+02
  31 0.5441299E+02
  27 0.5447562E+02
  15 0.5475460E+02
  27 0.5473550E+02
  27 0.5554877E+02
  26 0.5441194E+02
  17 0.5444985E+02
  17 0.5446130E+02
  16 0.5456454E+02
  15 0.5418048E+02
  26 0.5474312E+02
   8 0.5414622E+02
  25 0.5377534E+02
  15 0.5492538E+02
  26 0.5523615E+02
  15 0.5416862E+02
  14 0.5420851E+02
   5 0.5487782E+02
   2 0.5435968E+02
   7 0.5415368E+02
  23 0.5449642E+02
  28 0.5482557E+02
  17 0.5419812E+02
  15 0.5445201E+02
   7 0.5460583E+02
  15 0.5497741E+02
  15 0.5350045E+02
  26 0.5498790E+02
   6 0.5432286E+02
  16 0.5468802E+02
  17 0.5449357E+02
  15 0.5455321E+02
  15 0.5447578E+02
  11 0.5419716E+02
  31 0.5462986E+02
  15 0.5481393E+02
  18 0.5325846E+02
  17 0.5495121E+02
  30 0.5481914E+02
  27 0.5460933E+02
  12 0.5414830E+02
   6 0.5360319E+02
  15 0.4808460E+02
  26 0.5435503E+02
  23 0.5455303E+02
   3 0.5481722E+02
  20 0.5377802E+02
  24 0.5400701E+02
  21 0.5432869E+02
   4 0.5429330E+02
  31 0.5405001E+02
   3 0.5456280E+02
  10 0.5481799E+02
  17 0.5489871E+02
   3 0.5532914E+02
  11 0.5390699E+02
  29 0.5503467E+02
  28 0.5442357E+02
  15 0.5446096E+02
   5 0.5432440E+02
  20 0.5462278E+02
  23 0.5394926E+02
  27 0.5505215E+02
   4 0.5502454E+02
  31 0.5515697E+02
   1 0.5429016E+02
  15 0.5461448E+02
  11 0.5414332E+02
   1 0.4135553E+02
  21 0.5466831E+02
  29 0.5344390E+02
   8 0.5412260E+02
  22 0.5401689E+02
  28 0.5472781E+02
  21 0.5386624E+02
   5 0.5412630E+02
  17 0.5401434E+02
  15 0.5462958E+02
  11 0.5382359E+02
  31 0.5381742E+02
  22 0.5493514E+02
  26 0.5416558E+02
  21 0.5422667E+02
  14 0.5403457E+02
   2 0.5435096E+02
   5 0.5474948E+02
   3 0.5432957E+02
  19 0.5511748E+02
  29 0.5420936E+02
   1 0.5399519E+02
  27 0.5382443E+02
  20 0.5485169E+02
  18 0.5397296E+02
  17 0.5425899E+02
  30 0.5455275E+02
   3 0.5457152E+02
  16 0.5446022E+02
  17 0.5459505E+02
  28 0.5488548E+02
   5 0.5407346E+02
   1 0.5401155E+02
  24 0.5475541E+02
  22 0.5463507E+02
  21 0.5437713E+02
  31 0.5453213E+02
   6 0.5419691E+02
  24 0.5441968E+02
  15 0.5504250E+02
  31 0.5503947E+02
   6 0.5276565E+02
   4 0.5456188E+02
  29 0.5436008E+02
  20 0.5479687E+02
  26 0.5454708E+02
  31 0.5435144E+02
   4 0.5531406E+02
  27 0.5397519E+02
  13 0.5455593E+02
  11 0.5424586E+02
  17 0.5418622E+02
  14 0.5489755E+02
  12 0.5454902E+02
  27 0.2707676E+02
  16 0.5387859E+02
  23 0.5390663E+02
  27 0.5404250E+02
   9 0.5385035E+02
  25 0.5393347E+02
  28 0.5380012E+02
   3 0.5400104E+02
  26 0.5449251E+02
   8 0.5408847E+02
  14 0.5531237E+02
  24 0.5400463E+02
   1 0.5410323E+02
   7 0.5372276E+02
  20 0.5498784E+02
  31 0.5446334E+02
   8 0.5369266E+02
  14 0.5501384E+02
  17 0.5421139E+02
  22 0.5405906E+02
  19 0.5447217E+02
  11 0.5459963E+02
   2 0.5388917E+02
   4 0.5439977E+02
   3 0.5428094E+02
   9 0.5441014E+02
  21 0.5421121E+02
  18 0.5462276E+02
   8 0.5408073E+02
  31 0.5435571E+02
  30 0.5433287E+02
  28 0.5416233E+02
   1 0.5524149E+02
  18 0.4935935E+02
  24 0.5459893E+02
  15 0.5455285E+02
  29 0.5421950E+02
  17 0.5465844E+02
   6 0.5432152E+02
   8 0.5428225E+02
  27 0.5387174E+02
  16 0.5406503E+02
  31 0.5409069E+02
  15 0.5409274E+02
  29 0.5429508E+02
   5 0.5457534E+02
  28 0.5280574E+02
  26 0.5450982E+02
  29 0.3235799E+02
  20 0.5424482E+02
  10 0.5394142E+02
   2 0.5468304E+02
  19 0.5414001E+02
  28 0.5434578E+02
  14 0.5458775E+02
   4 0.5385170E+02
  20 0.5433235E+02
   8 0.5434238E+02
   4 0.5466953E+02
   1 0.5417253E+02
  27 0.5366875E+02
  23 0.5389752E+02
   9 0.5502424E+02
  16 0.5443956E+02
   5 0.5422622E+02
  14 0.4773516E+02
  18 0.5431834E+02
  15 0.5418396E+02
  30 0.5458772E+02
  26 0.5487363E+02
  17 0.5424349E+02
  19 0.5472780E+02
  23 0.5507979E+02
   7 0.5408752E+02
  28 0.5432110E+02
  11 0.5432983E+02
  31 0.5425871E+02
  28 0.5467807E+02
  24 0.5463472E+02
  31 0.5388606E+02
  12 0.5484373E+02
   3 0.5404089E+02
  22 0.5400646E+02
  12 0.5484931E+02
  26 0.5482594E+02
  31 0.5362423E+02
  20 0.5407210E+02
   5 0.5432557E+02
   8 0.5417971E+02
  14 0.5410210E+02
  12 0.5454309E+02
  28 0.5431572E+02
   1 0.5478478E+02
   8 0.5457584E+02
  23 0.5410273E+02
  29 0.5397602E+02
  21 0.5436721E+02
  17 0.5434812E+02
   6 0.5485872E+02
   2 0.5417100E+02
   4 0.5402882E+02
  14 0.5488295E+02
  18 0.5373364E+02
  21 0.5468368E+02
  28 0.5462376E+02
  17 0.5330521E+02
  19 0.5375403E+02
   4 0.5482361E+02
   2 0.5521542E+02
  10 0.5403776E+02
   8 0.5393594E+02
  15 0.5398677E+02
  26 0.5431258E+02
  12 0.5414121E+02
  31 0.5428332E+02
  20 0.5440144E+02
  28 0.5392430E+02
  13 0.5433950E+02
   3 0.5392216E+02
   2 0.3909765E+02
   7 0.5466190E+02
  12 0.5434061E+02
   5 0.5460966E+02
   4 0.5482258E+02
  12 0.5443506E+02
  29 0.5443770E+02
   8 0.5450212E+02
  18 0.5438538E+02
  27 0.5467686E+02
  20 0.5429936E+02
  22 0.5513599E+02
  11 0.5476289E+02
  28 0.5450624E+02
  13 0.5553430E+02
  17 0.5404967E+02
  31 0.5445749E+02
  28 0.7546748E+01
   4 0.5405714E+02
  20 0.5428672E+02
  10 0.5416293E+02
   5 0.5435101E+02
  26 0.5508662E+02
   1 0.5430329E+02
   2 0.5430002E+02
  20 0.5504185E+02
  26 0.5518285E+02
  13 0.5495230E+02
   3 0.5473131E+02
  19 0.5407197E+02
  23 0.5420060E+02
  25 0.5448220E+02
  21 0.5407385E+02
   9 0.5432981E+02
  10 0.5540818E+02
  28 0.5455350E+02
   6 0.5408408E+02
   2 0.5544502E+02
   8 0.5408360E+02
  16 0.5449081E+02
  17 0.5404942E+02
   5 0.5374508E+02
  14 0.5438701E+02
   9 0.5587463E+02
  19 0.5346603E+02
  20 0.5458586E+02
  30 0.5395628E+02
   2 0.5510022E+02
  15 0.5440561E+02
  19 0.5438329E+02
  10 0.5423035E+02
  16 0.5558018E+02
  31 0.5489071E+02
  20 0.5507438E+02
  12 0.5461441E+02
  29 0.5517421E+02
  28 0.5450984E+02
  19 0.5393812E+02
   7 0.5457000E+02
   4 0.5481498E+02
  27 0.5456494E+02
  31 0.5444808E+02
  20 0.3929913E+02
   3 0.5520295E+02
  18 0.5488682E+02
   4 0.5457130E+02
  19 0.5461078E+02
   1 0.5511235E+02
  19 0.5454387E+02
  28 0.5457584E+02
  22 0.5409012E+02
  19 0.5383520E+02
   8 0.5426059E+02
  24 0.5441169E+02
  28 0.5487471E+02
  11 0.5445248E+02
   4 0.5450559E+02
  28 0.5451010E+02
  20 0.5451891E+02
  13 0.5388243E+02
  27 0.5429941E+02
  28 0.5355627E+02
  30 0.5363362E+02
  24 0.5472966E+02
   4 0.5436709E+02
  19 0.5375054E+02
  30 0.5517523E+02
   4 0.5539074E+02
  23 0.5430106E+02
   1 0.5381353E+02
  12 0.5393706E+02
  12 0.5440689E+02
  13 0.5416992E+02
  25 0.5435079E+02
   2 0.5372464E+02
  20 0.5457028E+02
  23 0.5494901E+02
  21 0.5426346E+02
  26 0.5446267E+02
  22 0.5447487E+02
  17 0.5462435E+02
  11 0.5524502E+02
   9 0.5517110E+02
   6 0.5497725E+02
  21 0.4719872E+02
  12 0.5471679E+02
   5 0.5441122E+02
  15 0.5401044E+02
   2 0.5383232E+02
  23 0.5433127E+02
  31 0.5481083E+02
   8 0.5435131E+02
  28 0.5448627E+02
   1 0.5550559E+02
   4 0.5473085E+02
  16 0.5505574E+02
   4 0.5470050E+02
  14 0.5485913E+02
  12 0.5423087E+02
  29 0.5450255E+02
   2 0.5505108E+02
  20 0.5413814E+02
  18 0.5506571E+02
  10 0.5373608E+02
  28 0.5400656E+02
   3 0.5427883E+02
  20 0.5495010E+02
  27 0.5388919E+02
   4 0.5401696E+02
  15 0.5456260E+02
   4 0.5437036E+02
  28 0.5476598E+02
  25 0.5369410E+02
  12 0.5348017E+02
  30 0.5406219E+02
   9 0.5481515E+02
   2 0.5587578E+02
  20 0.5377114E+02
  12 0.5502301E+02
  19 0.5446180E+02
  23 0.5362711E+02
  27 0.5488681E+02
   7 0.5435184E+02
  28 0.5408396E+02
   5 0.5470016E+02
   6 0.5428758E+02
  11 0.5440682E+02
  13 0.5442822E+02
  26 0.5427345E+02
  15 0.5402690E+02
   4 0.5448685E+02
  21 0.5449819E+02
   9 0.5415698E+02
  20 0.5462848E+02
  18 0.5421428E+02
  14 0.5361577E+02
  30 0.5471059E+02
  25 0.5419274E+02
   1 0.5498609E+02
  28 0.5469963E+02
   3 0.5399505E+02
  17 0.5500040E+02
   8 0.5409653E+02
  29 0.5450979E+02
  18 0.5467940E+02
   7 0.5453623E+02
  24 0.5403818E+02
  13 0.5520478E+02
   4 0.5472863E+02
  29 0.5430680E+02
  22 0.5423654E+02
  12 0.5422432E+02
  16 0.5433942E+02
  10 0.5425211E+02
   9 0.1231594E+02
  28 0.5423600E+02
  21 0.5455944E+02
   1 0.5419478E+02
  15 0.5399993E+02
  20 0.5419752E+02
  17 0.5471927E+02
  12 0.5385897E+02
   4 0.5372617E+02
  28 0.5534258E+02
  20 0.2002181E+02
  18 0.5473405E+02
  23 0.5518501E+02
   7 0.5385512E+02
  24 0.4673501E+02
   6 0.5489627E+02
   3 0.5404841E+02
  11 0.5398481E+02
  13 0.5489959E+02
  10 0.4604988E+02
  20 0.5458913E+02
  29 0.5389936E+02
  15 0.5393127E+02
  25 0.5437515E+02
  14 0.5463513E+02
  31 0.5466736E+02
   2 0.5486666E+02
  21 0.5440597E+02
   1 0.5414208E+02
   5 0.5491105E+02
  28 0.5459738E+02
  16 0.5450278E+02
  26 0.5400198E+02
  19 0.5466066E+02
  27 0.5463270E+02
  12 0.5425398E+02
  22 0.5484622E+02
   8 0.5447053E+02
   4 0.5441339E+02
   9 0.5457423E+02
  17 0.5375107E+02
  30 0.5477161E+02
  21 0.5432597E+02
  12 0.4965551E+02
  17 0.5420676E+02
  34 0.5419794E+02
  22 0.2147002E+02
   2 0.1887239E+02
  62 0.5394430E+02
  15 0.5412187E+02
  24 0.5503093E+02
  16 0.5385187E+02
  27 0.5417967E+02
  11 0.5436885E+02
   2 0.5475506E+02
  58 0.5520288E+02
  51 0.5233656E+02
  52 0.5520171E+02
  30 0.5425366E+02
  61 0.5456159E+02
  15 0.5421111E+02
  57 0.5467634E+02
   4 0.5517307E+02
   7 0.5454095E+02
   6 0.5448170E+02
  27 0.5474711E+02
  22 0.5451434E+02
  53 0.5492836E+02
  36 0.5541701E+02
  47 0.5483748E+02
   3 0.3949723E+02
  48 0.5473093E+02
  59 0.5436833E+02
  38 0.4831193E+02
  40 0.5515337E+02
  63 0.5455156E+02
  11 0.5400882E+02
  59 0.5411323E+02
   3 0.5484960E+02
  59 0.5467827E+02
  53 0.5381694E+02
   7 0.5334069E+02
  56 0.5425084E+02
  34 0.5500859E+02
  61 0.5468431E+02
  43 0.5381170E+02
   1 0.5431144E+02
  22 0.5469518E+02
  55 0.5453075E+02
  35 0.5483608E+02
   4 0.5393837E+02
  57 0.5491984E+02
  33 0.5421752E+02
  58 0.5447861E+02
  48 0.5433522E+02
  35 0.5449299E+02
   7 0.5457573E+02
  21 0.5382968E+02
   3 0.5400052E+02
  35 0.5375350E+02
  30 0.5434268E+02
   8 0.5457087E+02
   7 0.5498326E+02
  53 0.5428088E+02
  25 0.5382453E+02
  59 0.5523635E+02
  41 0.5408099E+02
  63 0.5406309E+02
  11 0.5431462E+02
  27 0.5364818E+02
  31 0.5437283E+02
  57 0.5415290E+02
  15 0.5427115E+02
   9 0.5396781E+02
  13 0.5471736E+02
   4 0.5515779E+02
  22 0.5490450E+02
  61 0.5440851E+02
  16 0.5439592E+02
  21 0.5437045E+02
  16 0.5513603E+02
  15 0.5436050E+02
  30 0.5459980E+02
  27 0.5455309E+02
  47 0.5462896E+02
   9 0.5427946E+02
  24 0.5485419E+02
  38 0.5425806E+02
  48 0.5425593E+02
  54 0.5441020E+02
  52 0.5434224E+02
   3 0.5421847E+02
  15 0.5374043E+02
  43 0.5531630E+02
  60 0.5458562E+02
  58 0.5384764E+02
   8 0.5450853E+02
  59 0.5538239E+02
  40 0.5452795E+02
   7 0.5438464E+02
  53 0.5489070E+02
   2 0.5484437E+02
   3 0.5421389E+02
  21 0.5475592E+02
  55 0.5582994E+02
  54 0.5535315E+02
  22 0.5511218E+02
  21 0.5498012E+02
  51 0.5440097E+02
  24 0.5374005E+02
  16 0.5438579E+02
  35 0.5486927E+02
  52 0.3637143E+02
  40 0.5429192E+02
   9 0.5446357E+02
  57 0.5465092E+02
  25 0.5449364E+02
  16 0.1796630E+02
  34 0.5393688E+02
  29 0.5436242E+02
  33 0.5331238E+02
   4 0.5434872E+02
  35 0.5565639E+02
  59 0.5483307E+02
  15 0.5428354E+02
   3 0.5354619E+02
  24 0.5443702E+02
  42 0.5489282E+02
  31 0.5516952E+02
  30 0.5432994E+02
  10 0.5492010E+02
  63 0.5404166E+02
  28 0.5415910E+02
  48 0.5352964E+02
  56 0.5434318E+02
  12 0.5479207E+02
  42 0.5408058E+02
  10 0.5089836E+02
  19 0.5419716E+02
  43 0.5418188E+02
  12 0.5488198E+02
  32 0.5463821E+02
  11 0.5394075E+02
  51 0.5380434E+02
  58 0.5420723E+02
  26 0.5392415E+02
  49 0.5482844E+02
   1 0.5445160E+02
  32 0.5452806E+02
  14 0.5425384E+02
  31 0.5397472E+02
   9 0.5483674E+02
  30 0.5418184E+02
   8 0.5479230E+02
  30 0.2706384E+01
  62 0.5444253E+02
  33 0.5483408E+02
  11 0.5381046E+02
  21 0.5417860E+02
  12 0.5436787E+02
  14 0.5502697E+02
  54 0.5435266E+02
  46 0.5514762E+02
   7 0.5459921E+02
  51 0.5377681E+02
  27 0.5471435E+02
   5 0.5377918E+02
  63 0.5417669E+02
  47 0.5505196E+02
  17 0.5502850E+02
  31 0.5565339E+02
  56 0.5419587E+02
  39 0.5470954E+02
  52 0.5461388E+02
  10 0.5427846E+02
  44 0.5464122E+02
   2 0.5451496E+02
  26 0.5413670E+02
   6 0.5454101E+02
  17 0.5442550E+02
  54 0.5509699E+02
  20 0.5476377E+02
  43 0.5530354E+02
  37 0.5479348E+02
  35 0.5457144E+02
  58 0.5472517E+02
  50 0.5459089E+02
  29 0.5497135E+02
  59 0.5455858E+02
  53 0.5395009E+02
  18 0.5381048E+02
  41 0.5425663E+02
  57 0.5412461E+02
  32 0.5449421E+02
  36 0.5364358E+02
  22 0.5446485E+02
  35 0.5467723E+02
  10 0.5554370E+02
  62 0.5451435E+02
  14 0.5417832E+02
  26 0.5446196E+02
   3 0.5408006E+02
  27 0.5406552E+02
  58 0.5477289E+02
  42 0.5461561E+02
  41 0.5391486E+02
  21 0.5557626E+02
  38 0.5485928E+02
  47 0.5462123E+02
  52 0.5426344E+02
  28 0.5474840E+02
  50 0.5428569E+02
  42 0.2794530E+02
  16 0.5376331E+02
  61 0.5393144E+02
  44 0.5461685E+02
   1 0.5454570E+02
  15 0.5475643E+02
   4 0.5471864E+02
  62 0.5484734E+02
  26 0.5419919E+02
  28 0.4505414E+02
  47 0.2238075E+02
  56 0.5490264E+02
  25 0.5479703E+02
  30 0.5417936E+02
  46 0.5388857E+02
  48 0.5381597E+02
  53 0.5380755E+02
  20 0.5448819E+02
  60 0.5509731E+02
  35 0.5404477E+02
  50 0.5414649E+02
  14 0.5431898E+02
   4 0.5337072E+02
  23 0.5484383E+02
  62 0.2887106E+02
  39 0.5454472E+02
   2 0.5437676E+02
  51 0.5409042E+02
  24 0.5462736E+02
  12 0.5463271E+02
  30 0.5332297E+02
  26 0.5490685E+02
  36 0.5453863E+02
  18 0.5460665E+02
  11 0.5441800E+02
  29 0.5440098E+02
  63 0.5496917E+02
  31 0.5475361E+02
  37 0.5415392E+02
  63 0.5483937E+02
  44 0.5454349E+02
  40 0.5537565E+02
  51 0.5480878E+02
   4 0.5330197E+02
  13 0.5457735E+02
   5 0.5408488E+02
   7 0.5479947E+02
   9 0.5427292E+02
  16 0.5455435E+02
  43 0.5396340E+02
  17 0.5396357E+02
  18 0.5489895E+02
  49 0.5465687E+02
  10 0.5475479E+02
   3 0.5465579E+02
  26 0.5457205E+02
  54 0.5419924E+02
  21 0.5466205E+02
   1 0.5468388E+02
  15 0.5470868E+02
  54 0.5407832E+02
  42 0.5476387E+02
  50 0.5438416E+02
  38 0.5435705E+02
  58 0.5470966E+02
  46 0.5422470E+02
  22 0.5448266E+02
  62 0.5511070E+02
  10 0.5422097E+02
  35 0.5423510E+02
  45 0.5473576E+02
   3 0.5466027E+02
  17 0.5395614E+02
   8 0.5397502E+02
  27 0.5388477E+02
  29 0.5488047E+02
  56 0.5430381E+02
  31 0.5403909E+02
  52 0.5458431E+02
   6 0.5469205E+02
  57 0.5503499E+02
  38 0.1503831E+02
  15 0.5482325E+02
  10 0.5448170E+02
  49 0.5488617E+02
  14 0.5410913E+02
  10 0.2484946E+02
  10 0.5533534E+02
  60 0.5438795E+02
  32 0.5474518E+02
  33 0.5390259E+02
  48 0.5430416E+02
  15 0.5503225E+02
  43 0.5373273E+02
  36 0.5424069E+02
  49 0.5436218E+02
  18 0.5410638E+02
   2 0.5419430E+02
  21 0.5443123E+02
  61 0.5440697E+02
   4 0.5420252E+02
  59 0.5444157E+02
  21 0.5460954E+02
  32 0.5368643E+02
  53 0.5432738E+02
  30 0.5463324E+02
  28 0.5466571E+02
  42 0.5398312E+02
   4 0.5517321E+02
   2 0.5476410E+02
   9 0.5383949E+02
  24 0.5418800E+02
  18 0.5498579E+02
  51 0.5446595E+02
  17 0.5457992E+02
  44 0.5407976E+02
  60 0.5396890E+02
  29 0.5443411E+02
  59 0.5461503E+02
   3 0.5354665E+02
  37 0.5391349E+02
  50 0.5460110E+02
  38 0.5498564E+02
  46 0.5367534E+02
  62 0.5475178E+02
  49 0.5489675E+02
   7 0.5399673E+02
  63 0.5428598E+02
   1 0.5491049E+02
  26 0.5470293E+02
  41 0.5363824E+02
  11 0.5458013E+02
  38 0.5438637E+02
   5 0.5376530E+02
  37 0.5467815E+02
  24 0.5361717E+02
  27 0.5457649E+02
  36 0.5388884E+02
  29 0.5444374E+02
  42 0.5445218E+02
  52 0.5433656E+02
  19 0.5385191E+02
  17 0.5366294E+02
  12 0.5483546E+02
  17 0.5460033E+02
  56 0.5497257E+02
  51 0.5453626E+02
   8 0.5440275E+02
   9 0.5461356E+02
  20 0.5409031E+02
  10 0.5412645E+02
  21 0.5410789E+02
  43 0.5414926E+02
  32 0.5433061E+02
  37 0.2476696E+02
  27 0.5533750E+02
  34 0.5421825E+02
  35 0.5441905E+02
  17 0.5511120E+02
  22 0.5437143E+02
  29 0.5504496E+02
   5 0.5484281E+02
   6 0.5478249E+02
   8 0.5401007E+02
  57 0.5488324E+02
  51 0.5415339E+02
  37 0.5457423E+02
  21 0.5379213E+02
  31 0.5473818E+02
  47 0.5471674E+02
  57 0.5556500E+02
  32 0.5446258E+02
  22 0.3839038E+02
   4 0.5399121E+02
   2 0.5561579E+02
  58 0.5429242E+02
  54 0.5366107E+02
  49 0.5458065E+02
  25 0.5415491E+02
  33 0.5480654E+02
   5 0.5491286E+02
  32 0.5509347E+02
  16 0.5538188E+02
  44 0.5424664E+02
  40 0.5459428E+02
   7 0.5361915E+02
  47 0.5542942E+02
  31 0.5402702E+02
   8 0.5437880E+02
  62 0.5384433E+02
  15 0.5413548E+02
  37 0.5511946E+02
  14 0.5389692E+02
  34 0.5459037E+02
  61 0.5431404E+02
   1 0.5441793E+02
  63 0.5476098E+02
  47 0.4537279E+02
  17 0.5405500E+02
   3 0.5419190E+02
   9 0.5515086E+02
  59 0.5431817E+02
  46 0.5395911E+02
  42 0.5389201E+02
  43 0.5482823E+02
  48 0.5475589E+02
  53 0.5418527E+02
  55 0.5462178E+02
  37 0.5409916E+02
  24 0.5453180E+02
  28 0.5383606E+02
  27 0.5417721E+02
  30 0.5478925E+02
  50 0.5496360E+02
  47 0.5417848E+02
  10 0.5473365E+02
  52 0.5427061E+02
   3 0.5486223E+02
  56 0.5437718E+02
  39 0.5476460E+02
  35 0.5416102E+02
  29 0.5392176E+02
  43 0.5468999E+02
  50 0.5505843E+02
  59 0.5510998E+02
  36 0.5409674E+02
   1 0.5468094E+02
  62 0.5444544E+02
  21 0.5402890E+02
  55 0.5439394E+02
  57 0.5397069E+02
  48 0.5360641E+02
  18 0.5437790E+02
  38 0.5369867E+02
  41 0.5406056E+02
  42 0.5462342E+02
  60 0.5460939E+02
  26 0.5462433E+02
   6 0.5472951E+02
  16 0.5368495E+02
  51 0.5408478E+02
  43 0.5417442E+02
  29 0.5534568E+02
  39 0.5372370E+02
  11 0.5441559E+02
  18 0.4822792E+02
  50 0.5508468E+02
   4 0.5419366E+02
  13 0.5399459E+02
  46 0.5482400E+02
  10 0.5343634E+02
  14 0.5389307E+02
  55 0.5340019E+02
  36 0.5548324E+02
  32 0.5438174E+02
  56 0.5398126E+02
  61 0.5448696E+02
  12 0.5436393E+02
   8 0.5453293E+02
  17 0.5432746E+02
  57 0.5419605E+02
  25 0.5422205E+02
  38 0.4873041E+02
  26 0.5494914E+02
  22 0.5500843E+02
  15 0.5456123E+02
  44 0.5404630E+02
  54 0.5428501E+02
  47 0.5457422E+02
  23 0.5407026E+02
  27 0.5417223E+02
  31 0.5389252E+02
   5 0.5430225E+02
   6 0.5447285E+02
  24 0.5459737E+02
  45 0.5414622E+02
  30 0.5503700E+02
  49 0.5471806E+02
  35 0.5484594E+02
  19 0.5445178E+02
  33 0.5440481E+02
  52 0.5410118E+02
  59 0.5486373E+02
  41 0.5441144E+02
  63 0.5413454E+02
   2 0.5460192E+02
  60 0.5434690E+02
  37 0.5402657E+02
  28 0.5479355E+02
  40 0.5379036E+02
  53 0.5510374E+02
  58 0.5449742E+02
  20 0.5471358E+02
   7 0.5361688E+02
  42 0.5418519E+02
  48 0.5457569E+02
   1 0.5466981E+02
   9 0.5413866E+02
  62 0.5425039E+02
  21 0.5527180E+02
  34 0.5420465E+02
   3 0.5486461E+02
  41 0.5402459E+02
  56 0.5452510E+02
  56 0.5403373E+02
  56 0.5485107E+02
  83 0.5497494E+02
  83 0.5538220E+02
 112 0.5333777E+02
   5 0.5044208E+02
  41 0.5465166E+02
  47 0.5383415E+02
  99 0.5535823E+02
   5 0.5391555E+02
  37 0.5533055E+02
  87 0.5523163E+02
  83 0.5417072E+02
  39 0.5257869E+02
 114 0.5536108E+02
  47 0.5422493E+02
  95 0.5460518E+02
  95 0.5403010E+02
  89 0.5381639E+02
  32 0.5376562E+02
  63 0.5469126E+02
 114 0.5443109E+02
 104 0.5509188E+02
  55 0.5433655E+02
 117 0.5534074E+02
  25 0.5419863E+02
 102 0.5351879E+02
  39 0.5437133E+02
  52 0.5421260E+02
  38 0.5447123E+02
  96 0.5250678E+02
 127 0.5518490E+02
 123 0.5233477E+02
  27 0.5345947E+02
 111 0.5409722E+02
  61 0.5344387E+02
 112 0.5492571E+02
  17 0.5487018E+02
  99 0.5447537E+02
  42 0.5467591E+02
  25 0.5433037E+02
  29 0.5494749E+02
   9 0.5452707E+02
  51 0.5499195E+02
  48 0.5381939E+02
 102 0.5426990E+02
 101 0.5525037E+02
 111 0.5477323E+02
  36 0.5337424E+02
  63 0.3390644E+02
 126 0.5482651E+02
  27 0.5419927E+02
   6 0.5383246E+02
  48 0.5458490E+02
  27 0.5172731E+02
  35 0.5389492E+02
  67 0.5403697E+02
  39 0.5476076E+02
  96 0.5438039E+02
  52 0.5384799E+02
  89 0.5455942E+02
 124 0.5386210E+02
  37 0.5433367E+02
   7 0.5389235E+02
  65 0.5434206E+02
 127 0.5465174E+02
  96 0.5460175E+02
  63 0.5381760E+02
  54 0.5369895E+02
   2 0.5428439E+02
  13 0.5444929E+02
  61 0.5484621E+02
  68 0.5358850E+02
   7 0.5487995E+02
  25 0.5554521E+02
 108 0.5358067E+02
 124 0.4351731E+02
  97 0.5441911E+02
 122 0.5410621E+02
  51 0.5436033E+02
   7 0.5472896E+02
  21 0.5402945E+02
  95 0.5413404E+02
 102 0.5417672E+02
  96 0.5502911E+02
  46 0.5388066E+02
  67 0.5446002E+02
  35 0.5436221E+02
 104 0.5421736E+02
  68 0.5427560E+02
  93 0.5399276E+02
 125 0.5420576E+02
  68 0.5398427E+02
  63 0.5419271E+02
   7 0.4888549E+02
  21 0.2782399E+02
 124 0.5460622E+02
  70 0.5392307E+02
  52 0.5448530E+02
  35 0.5471401E+02
  49 0.5383199E+02
  13 0.5427174E+02
  16 0.5452512E+02
 127 0.5428099E+02
  65 0.5541968E+02
 100 0.5435760E+02
 122 0.5471958E+02
 124 0.3925707E+02
   6 0.5416860E+02
 124 0.5474517E+02
  21 0.5454444E+02
  97 0.5402709E+02
  16 0.5455804E+02
  68 0.5399653E+02
  24 0.5384148E+02
  39 0.5406744E+02
 111 0.5433755E+02
 104 0.5455687E+02
  13 0.5344866E+02
 125 0.5417048E+02
  92 0.5391906E+02
 101 0.5452837E+02
  35 0.5439633E+02
  95 0.5505593E+02
  68 0.4005781E+02
  52 0.5426614E+02
  34 0.5483418E+02
  33 0.5441343E+02
  58 0.5462169E+02
 111 0.5407372E+02
  68 0.5384150E+02
  25 0.5376633E+02
   7 0.5393112E+02
  63 0.5435359E+02
  97 0.5483895E+02
 127 0.5433914E+02
  50 0.5466775E+02
  35 0.5460671E+02
  52 0.5497547E+02
  27 0.5472898E+02
  74 0.5418458E+02
  68 0.5413884E+02
   9 0.5382902E+02
 122 0.5497651E+02
  67 0.5399650E+02
  11 0.5414260E+02
   5 0.5421703E+02
  39 0.5453663E+02
  52 0.5511094E+02
  15 0.5350804E+02
  63 0.5277073E+02
   9 0.4383784E+02
  67 0.2604251E+02
  54 0.5458701E+02
  96 0.5528648E+02
  16 0.5506574E+02
  81 0.5419770E+02
  18 0.5500112E+02
  13 0.5473615E+02
  63 0.5342479E+02
  37 0.5411752E+02
  76 0.5426841E+02
 122 0.5498741E+02
 104 0.5410242E+02
  54 0.4059931E+02
 127 0.5398183E+02
  66 0.5453769E+02
 125 0.5416517E+02
 120 0.5423163E+02
  26 0.5449623E+02
  56 0.5441057E+02
  68 0.5457290E+02
 124 0.5485662E+02
  75 0.5435015E+02
  49 0.5396157E+02
  56 0.5420135E+02
 107 0.5455119E+02
  22 0.5451017E+02
   7 0.5440301E+02
  56 0.5426130E+02
  56 0.5449912E+02
  50 0.5404117E+02
  21 0.5375971E+02
  10 0.5428720E+02
  56 0.5416505E+02
 113 0.5431420E+02
  52 0.5432990E+02
  94 0.5406669E+02
   1 0.5373115E+02
  89 0.5440563E+02
  85 0.5450149E+02
  44 0.5424849E+02
 115 0.5388740E+02
  68 0.5432848E+02
  14 0.5423790E+02
  33 0.5425500E+02
  79 0.5456933E+02
  61 0.5378539E+02
  87 0.5417529E+02
   4 0.5462750E+02
  10 0.5355149E+02
  88 0.5490607E+02
  39 0.5423486E+02
  25 0.5450122E+02
  96 0.5336896E+02
   6 0.5479808E+02
  74 0.5457725E+02
  50 0.5422863E+02
  76 0.5407527E+02
  31 0.5452192E+02
  80 0.5444301E+02
  35 0.5405399E+02
  78 0.5387956E+02
  43 0.5406550E+02
   7 0.5478848E+02
 106 0.5470178E+02
  91 0.5377229E+02
 118 0.5435648E+02
  16 0.5542698E+02
   9 0.5500489E+02
  87 0.5383291E+02
  18 0.5487150E+02
  16 0.5436991E+02
  13 0.5419586E+02
  21 0.5399094E+02
  98 0.5415855E+02
  72 0.5420861E+02
  66 0.5510970E+02
  90 0.5374322E+02
  64 0.5360853E+02
  51 0.5509442E+02
 113 0.5488446E+02
  69 0.5399696E+02
 102 0.5508532E+02
  74 0.5486297E+02
  27 0.5439065E+02
   5 0.5483254E+02
  66 0.5394550E+02
 104 0.5429405E+02
  25 0.4567675E+02
   3 0.5440095E+02
 119 0.5417130E+02
  40 0.5477618E+02
  87 0.5531317E+02
  16 0.5476585E+02
  62 0.5441034E+02
  61 0.5437501E+02
 112 0.5433623E+02
  76 0.5503369E+02
 109 0.5393640E+02
  73 0.5500917E+02
  89 0.5384097E+02
  20 0.5395980E+02
   2 0.5501438E+02
  13 0.5536692E+02
  39 0.5469342E+02
  86 0.5490375E+02
 105 0.5453014E+02
  61 0.5449077E+02
 127 0.5404371E+02
  43 0.5484236E+02
  82 0.5444392E+02
 122 0.5441215E+02
   9 0.5459075E+02
  45 0.5462410E+02
  67 0.5476500E+02
   8 0.5462574E+02
  81 0.5534449E+02
  32 0.5478172E+02
  35 0.5135143E+02
  15 0.5381884E+02
  44 0.5484411E+02
  20 0.5347799E+02
  42 0.5472826E+02
  57 0.5381635E+02
 115 0.5416120E+02
  53 0.5487175E+02
  33 0.1987912E+02
 119 0.5365334E+02
  10 0.5508985E+02
  84 0.5394056E+02
 102 0.5447872E+02
  30 0.5467255E+02
 127 0.5493073E+02
   2 0.5451716E+02
  54 0.5521878E+02
   3 0.4632465E+02
 116 0.5427040E+02
 109 0.5492004E+02
  39 0.4814917E+02
 124 0.5434862E+02
  98 0.5458440E+02
  70 0.5392614E+02
 106 0.5491543E+02
  60 0.5439594E+02
  17 0.5421608E+02
 104 0.5348028E+02
  31 0.5384465E+02
 113 0.5512647E+02
  23 0.5421372E+02
  41 0.5419475E+02
 121 0.5460048E+02
  96 0.5440474E+02
   6 0.5454014E+02
  37 0.5454426E+02
  97 0.5463876E+02
   4 0.5361843E+02
  45 0.3162422E+01
  18 0.5470921E+02
 103 0.5474884E+02
 111 0.5387463E+02
 110 0.5430733E+02
  61 0.5455841E+02
  50 0.5384568E+02
  26 0.5427005E+02
 118 0.5316015E+02
   9 0.5382002E+02
  79 0.5391355E+02
  95 0.5463481E+02
  62 0.5451921E+02
   7 0.5482284E+02
  65 0.5491336E+02
  76 0.5447024E+02
  69 0.5416923E+02
  28 0.5448350E+02
  55 0.5433401E+02
  89 0.5492632E+02
  59 0.5465156E+02
  57 0.5475883E+02
  61 0.4218259E+02
  72 0.5436021E+02
  43 0.5456249E+02
  77 0.5452408E+02
  47 0.5418257E+02
 123 0.5389499E+02
  71 0.5427376E+02
  10 0.2047813E+02
  94 0.5427597E+02
  19 0.5501021E+02
 127 0.5488087E+02
  42 0.5451709E+02
  66 0.5445332E+02
  84 0.5451310E+02
  60 0.5426804E+02
  98 0.4208628E+02
  16 0.5450757E+02
 124 0.5467185E+02
 122 0.5425885E+02
 119 0.5510349E+02
  53 0.5533272E+02
  91 0.5440126E+02
  44 0.5515313E+02
  83 0.5396738E+02
  25 0.5459540E+02
  63 0.5442462E+02
  12 0.5495934E+02
  13 0.5437037E+02
  75 0.5395876E+02
  58 0.5427868E+02
 117 0.5493176E+02
 121 0.4798093E+02
  41 0.5499359E+02
   7 0.5445635E+02
 123 0.5435190E+02
   5 0.5424814E+02
 116 0.5409601E+02
  22 0.5361259E+02
  21 0.5481946E+02
  29 0.5362930E+02
  56 0.5432409E+02
  87 0.5405285E+02
  96 0.4847365E+02
 125 0.5496372E+02
  70 0.5439910E+02
  36 0.5435080E+02
  64 0.5484993E+02
  78 0.5439895E+02
  35 0.5485225E+02
  26 0.5430427E+02
  61 0.5386098E+02
  49 0.5472698E+02
  69 0.5476889E+02
 114 0.5451980E+02
  93 0.5507540E+02
 126 0.5369317E+02
  99 0.5448353E+02
 118 0.5405941E+02
  23 0.5469235E+02
  38 0.5437792E+02
  80 0.5437616E+02
  89 0.5458343E+02
  17 0.5447501E+02
  75 0.2664207E+02
  68 0.5468666E+02
  66 0.5404580E+02
  92 0.5382263E+02
 120 0.5468930E+02
  28 0.5423847E+02
  87 0.5410821E+02
  73 0.5433264E+02
 107 0.5404602E+02
   4 0.5457914E+02
  71 0.5518266E+02
  69 0.5466061E+02
  55 0.5430521E+02
  10 0.5449939E+02
  47 0.5458989E+02
  81 0.5418260E+02
  58 0.5435493E+02
  88 0.5459379E+02
 123 0.5384035E+02
  77 0.5337030E+02
 114 0.5550199E+02
  56 0.5425474E+02
 117 0.5439717E+02
 115 0.5449015E+02
 101 0.5407124E+02
 119 0.5120996E+02
 105 0.5492492E+02
 110 0.5395536E+02
  48 0.5452493E+02
  18 0.5424359E+02
  36 0.5440795E+02
  67 0.5415765E+02
   5 0.3601199E+02
  24 0.5487558E+02
  62 0.5383539E+02
  65 0.5445372E+02
 109 0.5419229E+02
 104 0.5480263E+02
  91 0.5486124E+02
   9 0.5407832E+02
  20 0.5445232E+02
  72 0.5384113E+02
  13 0.4663323E+02
  42 0.5468937E+02
  59 0.5501357E+02
  61 0.5494488E+02
   2 0.5485468E+02
  76 0.5459762E+02
  57 0.5397630E+02
  37 0.5435264E+02
  63 0.5439006E+02
 108 0.5486638E+02
  15 0.5461874E+02
  32 0.5422298E+02
  43 0.5457434E+02
  53 0.5462997E+02
  54 0.5459735E+02
 112 0.5441035E+02
  16 0.5452817E+02
  35 0.5458258E+02
  11 0.5481186E+02
   8 0.5398933E+02
  12 0.5463674E+02
  95 0.5431054E+02
  34 0.5413335E+02
   3 0.5539977E+02
  46 0.5474105E+02
   1 0.5384706E+02
  78 0.5402473E+02
  30 0.5447159E+02
  19 0.5540618E+02
  51 0.5428389E+02
  83 0.5452257E+02
  26 0.5423263E+02
  60 0.5416317E+02
  39 0.5426124E+02
  33 0.5530645E+02
  82 0.5438178E+02
  40 0.5463971E+02
 103 0.5437900E+02
   7 0.5399795E+02
  96 0.5382725E+02
 106 0.5475534E+02
  27 0.5406239E+02
 111 0.5448036E+02
  84 0.5466480E+02
  52 0.5427077E+02
  41 0.5428575E+02
 113 0.5400511E+02
  86 0.5421982E+02
  90 0.5391683E+02
  85 0.5422138E+02
  97 0.5393360E+02
 100 0.5431812E+02
  79 0.5446166E+02
  14 0.5445381E+02
  49 0.5485128E+02
   6 0.5504364E+02
  45 0.5500502E+02
  70 0.5454169E+02
 127 0.5438877E+02
  50 0.5455093E+02
  74 0.5411887E+02
  21 0.5417533E+02
  25 0.5489364E+02
  31 0.5465201E+02
  64 0.5421822E+02
 121 0.5442022E+02
  98 0.5454550E+02
 122 0.5466474E+02
 102 0.5437546E+02
  22 0.5492017E+02
 116 0.5447132E+02
 125 0.5378857E+02
  94 0.5421557E+02
  29 0.5439073E+02
 124 0.5428247E+02
  44 0.5432318E+02
