   1 0.7615270E+02
   1 0.7745852E+02
   1 0.7747967E+02
   1 0.7697479E+02
   1 0.7682319E+02
   1 0.7628017E+02
   1 0.7720269E+02
   1 0.7658506E+02
   1 0.7722481E+02
   1 0.7705442E+02
   1 0.7682167E+02
   1 0.7695260E+02
   1 0.7684718E+02
   1 0.7626575E+02
   1 0.7679916E+02
   1 0.7690262E+02
   1 0.7660279E+02
   1 0.7744104E+02
   1 0.7680970E+02
   1 0.7682058E+02
   1 0.4363594E+02
   1 0.7685827E+02
   1 0.7767679E+02
   1 0.7718237E+02
   1 0.7665836E+02
   1 0.7670749E+02
   1 0.7646112E+02
   1 0.7707147E+02
   1 0.7704720E+02
   1 0.7696625E+02
   1 0.7744115E+02
   1 0.7167426E+02
   1 0.7731173E+02
   1 0.7767239E+02
   1 0.7640566E+02
   1 0.7645809E+02
   1 0.7726097E+02
   1 0.7667385E+02
   1 0.7754907E+02
   1 0.7672015E+02
   1 0.7735810E+02
   1 0.7630346E+02
   1 0.5059414E+02
   1 0.7737945E+02
   1 0.7710381E+02
   1 0.7715773E+02
   1 0.7791559E+02
   1 0.7710270E+02
   1 0.7730469E+02
   1 0.7676193E+02
   1 0.7706182E+02
   1 0.6393099E+02
   1 0.7739821E+02
   1 0.7668037E+02
   1 0.7702153E+02
   1 0.7753058E+02
   1 0.7692766E+02
   1 0.7677487E+02
   1 0.7717938E+02
   1 0.7612397E+02
   1 0.7768618E+02
   1 0.1191271E+02
   1 0.7686265E+02
   1 0.7735582E+02
   1 0.6974826E+02
   1 0.7712964E+02
   1 0.7677149E+02
   1 0.7792379E+02
   1 0.7715254E+02
   1 0.7715188E+02
   1 0.7669128E+02
   1 0.7738997E+02
   1 0.7740473E+02
   1 0.7683607E+02
   1 0.7718895E+02
   1 0.7688385E+02
   1 0.7700152E+02
   1 0.7733528E+02
   1 0.7638993E+02
   1 0.7683911E+02
   1 0.7713966E+02
   1 0.7712442E+02
   1 0.7662251E+02
   1 0.7683254E+02
   1 0.7668462E+02
   1 0.7752107E+02
   1 0.7713942E+02
   1 0.7731546E+02
   1 0.7727663E+02
   1 0.7600978E+02
   1 0.7707210E+02
   1 0.7727451E+02
   1 0.7706201E+02
   1 0.6452927E+02
   1 0.7763486E+02
   1 0.6346130E+02
   1 0.6586780E+02
   1 0.7760169E+02
   1 0.7785297E+02
   1 0.7707185E+02
   1 0.7714892E+02
   1 0.7757223E+02
   1 0.7717294E+02
   1 0.7838663E+02
   1 0.7711320E+02
   1 0.7730813E+02
   1 0.7709730E+02
   1 0.7674315E+02
   1 0.6951686E+02
   1 0.7728688E+02
   1 0.7699718E+02
   1 0.7706887E+02
   1 0.7725302E+02
   1 0.2227457E+02
   1 0.7702514E+02
   1 0.7708504E+02
   1 0.7663185E+02
   1 0.7677027E+02
   1 0.7758692E+02
   1 0.7704338E+02
   1 0.7704429E+02
   1 0.7654047E+02
   1 0.7746682E+02
   1 0.7651427E+02
   1 0.7714712E+02
   1 0.7735206E+02
   1 0.7721117E+02
   1 0.7732282E+02
   3 0.2414102E+02
   3 0.7657915E+02
   1 0.7688981E+02
   2 0.7744726E+02
   2 0.2851211E+02
   3 0.7736218E+02
   1 0.7715849E+02
   2 0.7759976E+02
   3 0.7719069E+02
   1 0.7699838E+02
   1 0.7776883E+02
   1 0.5137152E+02
   2 0.7693143E+02
   1 0.7653742E+02
   3 0.7701228E+02
   2 0.7762205E+02
   3 0.7770506E+02
   2 0.7681617E+02
   2 0.7343055E+02
   2 0.7775619E+02
   3 0.7754378E+02
   1 0.7745658E+02
   2 0.7706758E+02
   3 0.7793042E+02
   2 0.7688602E+02
   1 0.7720677E+02
   2 0.7745292E+02
   1 0.7696883E+02
   1 0.3643702E+02
   2 0.7631265E+02
   2 0.7684048E+02
   3 0.7689760E+02
   3 0.7673243E+02
   3 0.4057332E+02
   1 0.7760453E+02
   1 0.7597071E+02
   2 0.7678364E+02
   1 0.7721418E+02
   1 0.7730726E+02
   3 0.7661609E+02
   1 0.7709433E+02
   3 0.7672445E+02
   2 0.7673394E+02
   3 0.7709382E+02
   3 0.7704059E+02
   1 0.7768179E+02
   2 0.7684251E+02
   3 0.7729920E+02
   2 0.7663295E+02
   2 0.7740372E+02
   1 0.7686895E+02
   3 0.7708307E+02
   1 0.7765364E+02
   3 0.7744479E+02
   3 0.7744947E+02
   2 0.7712772E+02
   2 0.7763825E+02
   1 0.7667006E+02
   3 0.7712750E+02
   2 0.7713515E+02
   1 0.7665581E+02
   2 0.7704888E+02
   3 0.7695593E+02
   1 0.7663672E+02
   2 0.7720846E+02
   3 0.7701254E+02
   1 0.7173275E+02
   3 0.7757943E+02
   2 0.7654394E+02
   3 0.5757510E+02
   2 0.7630846E+02
   1 0.7674468E+02
   1 0.7641546E+02
   3 0.7678082E+02
   1 0.7726167E+02
   3 0.7775120E+02
   1 0.5916883E+02
   2 0.7790914E+02
   1 0.7776135E+02
   2 0.6710932E+02
   1 0.7748799E+02
   2 0.7697701E+02
   2 0.7653446E+02
   3 0.7682684E+02
   2 0.7682536E+02
   3 0.7775346E+02
   2 0.5307621E+02
   3 0.7597751E+02
   1 0.7745867E+02
   2 0.7652144E+02
   3 0.7748684E+02
   1 0.7732332E+02
   1 0.4616669E+02
   2 0.7710362E+02
   3 0.7742247E+02
   1 0.7647548E+02
   2 0.7723127E+02
   3 0.7675168E+02
   1 0.7743952E+02
   1 0.3634158E+02
   1 0.7665682E+02
   2 0.7707143E+02
   3 0.7659171E+02
   2 0.7638818E+02
   3 0.7669094E+02
   3 0.6057488E+02
   2 0.7672787E+02
   1 0.7711089E+02
   1 0.7753290E+02
   2 0.7662045E+02
   1 0.7644460E+02
   2 0.7680376E+02
   3 0.7675401E+02
   2 0.7662148E+02
   2 0.7599111E+02
   1 0.7706489E+02
   2 0.7725640E+02
   3 0.7713787E+02
   1 0.7714672E+02
   2 0.7718624E+02
   3 0.7689325E+02
   2 0.7689926E+02
   3 0.7710011E+02
   2 0.7756989E+02
   2 0.7744407E+02
   1 0.7667339E+02
   2 0.7733486E+02
   3 0.7677147E+02
   4 0.7729504E+02
   2 0.7657869E+02
   3 0.7762266E+02
   1 0.7700627E+02
   3 0.7746601E+02
   2 0.7714047E+02
   2 0.2971206E+02
   3 0.7674493E+02
   1 0.7670339E+02
   6 0.7755436E+02
   7 0.7774104E+02
   5 0.7745971E+02
   4 0.7744929E+02
   3 0.7717360E+02
   1 0.7679267E+02
   2 0.7738419E+02
   1 0.7670807E+02
   1 0.7712904E+02
   6 0.7635874E+02
   7 0.7678885E+02
   5 0.7739679E+02
   1 0.7773032E+02
   4 0.7732358E+02
   7 0.7749735E+02
   3 0.7719131E+02
   6 0.7747550E+02
   1 0.7722902E+02
   2 0.7725501E+02
   5 0.7748372E+02
   6 0.7745807E+02
   3 0.7646782E+02
   7 0.7667365E+02
   1 0.7644419E+02
   3 0.7670132E+02
   1 0.7740476E+02
   7 0.7757828E+02
   5 0.7726919E+02
   4 0.7705667E+02
   2 0.7708204E+02
   6 0.7703215E+02
   3 0.7680316E+02
   6 0.4821643E+02
   4 0.7698244E+02
   5 0.7742347E+02
   2 0.7646768E+02
   6 0.7705101E+02
   1 0.7696657E+02
   7 0.7728905E+02
   2 0.7750532E+02
   3 0.7663799E+02
   4 0.7685785E+02
   7 0.7736713E+02
   6 0.7730063E+02
   4 0.7693601E+02
   7 0.7670940E+02
   4 0.7796034E+02
   5 0.7677591E+02
   1 0.7696830E+02
   2 0.7713213E+02
   3 0.7697321E+02
   6 0.7663435E+02
   6 0.7631809E+02
   3 0.7653835E+02
   7 0.7751384E+02
   4 0.7692853E+02
   5 0.7705348E+02
   1 0.7760977E+02
   2 0.7702714E+02
   7 0.7658874E+02
   4 0.7713299E+02
   2 0.7659074E+02
   6 0.7766249E+02
   3 0.7688101E+02
   1 0.7736741E+02
   4 0.7683970E+02
   5 0.7667260E+02
   2 0.7727284E+02
   3 0.7655095E+02
   5 0.7765873E+02
   7 0.7711334E+02
   2 0.7761429E+02
   6 0.7755059E+02
   2 0.7663074E+02
   1 0.7695643E+02
   4 0.7695172E+02
   4 0.3981142E+02
   6 0.7742359E+02
   2 0.7644060E+02
   3 0.7667006E+02
   1 0.7666894E+02
   6 0.7701364E+02
   5 0.7669649E+02
   7 0.7690880E+02
   3 0.7743277E+02
   5 0.7669643E+02
   4 0.7720317E+02
   6 0.7666720E+02
   2 0.7665176E+02
   3 0.7708143E+02
   4 0.7676152E+02
   5 0.7620430E+02
   1 0.7688330E+02
   2 0.7747129E+02
   6 0.7730935E+02
   7 0.7718618E+02
   2 0.7750037E+02
   1 0.7745317E+02
   2 0.2429436E+02
   7 0.7695070E+02
   1 0.7702787E+02
   3 0.7707973E+02
   2 0.7793976E+02
   4 0.7705105E+02
   2 0.7785924E+02
   7 0.5747629E+02
   5 0.7732964E+02
   6 0.7688182E+02
   2 0.7658100E+02
   7 0.7756665E+02
   5 0.7751328E+02
   1 0.7670503E+02
   3 0.7707203E+02
   2 0.7722413E+02
   5 0.7676342E+02
   1 0.7645941E+02
   4 0.7729616E+02
   6 0.7702716E+02
   7 0.7689720E+02
   6 0.6394267E+02
  13 0.7712214E+02
  12 0.5485290E+02
   6 0.7768453E+02
  11 0.7697325E+02
   2 0.7685855E+02
   5 0.7774196E+02
  13 0.7711732E+02
  13 0.4832293E+02
   1 0.7681824E+02
   5 0.7738896E+02
   4 0.7655207E+02
   6 0.7726106E+02
   2 0.7698471E+02
  13 0.7754278E+02
   9 0.7714510E+02
   8 0.7742702E+02
   8 0.7664805E+02
   1 0.7666333E+02
   4 0.7650068E+02
   2 0.7657353E+02
   2 0.7764855E+02
  11 0.7723620E+02
   2 0.2831355E+02
  14 0.7719730E+02
   3 0.7704777E+02
   7 0.7755737E+02
  13 0.7718309E+02
   2 0.7778689E+02
   7 0.7769848E+02
  11 0.7714937E+02
   8 0.7755140E+02
  10 0.7702589E+02
  13 0.7699587E+02
   3 0.7688099E+02
  15 0.7715951E+02
  12 0.7619647E+02
   2 0.7693374E+02
   9 0.7725776E+02
  10 0.7701783E+02
  13 0.7704414E+02
   5 0.7710597E+02
   7 0.7768765E+02
  10 0.7329481E+02
   3 0.7646211E+02
  13 0.7758515E+02
   6 0.7664094E+02
   7 0.7779773E+02
  11 0.7710711E+02
  10 0.7723981E+02
   8 0.7728456E+02
  11 0.7803993E+02
   6 0.7728143E+02
  13 0.7723884E+02
   3 0.7686923E+02
   8 0.7713367E+02
   1 0.7741714E+02
  15 0.7702898E+02
  11 0.7742604E+02
   8 0.7726529E+02
   3 0.7823334E+02
   4 0.7754630E+02
  15 0.4189815E+02
  11 0.7705922E+02
  14 0.7725590E+02
  10 0.7665793E+02
  11 0.3360538E+02
   3 0.7709551E+02
   4 0.7705548E+02
   8 0.7723198E+02
  10 0.7851530E+02
   6 0.7660107E+02
  14 0.7774365E+02
  11 0.7705801E+02
  14 0.6922649E+02
   5 0.7766525E+02
   3 0.7730476E+02
  12 0.7774111E+02
  15 0.7699974E+02
   2 0.7694920E+02
   5 0.7706344E+02
   9 0.7698687E+02
   7 0.7688105E+02
   8 0.7696699E+02
  12 0.7727880E+02
   9 0.7715700E+02
   5 0.7705941E+02
   2 0.7683691E+02
   8 0.7739957E+02
  11 0.7753676E+02
  12 0.2699083E+02
   8 0.7739008E+02
   2 0.7743169E+02
   7 0.7637961E+02
  13 0.7744292E+02
  15 0.7679274E+02
   9 0.7633950E+02
   1 0.7717483E+02
  12 0.7717865E+02
  15 0.7561471E+02
   5 0.7684581E+02
  12 0.7790925E+02
  14 0.7690465E+02
   4 0.7722661E+02
  11 0.7736701E+02
   6 0.7671622E+02
   3 0.7709234E+02
   4 0.5410327E+02
  10 0.7705842E+02
   8 0.7695353E+02
  11 0.7740544E+02
   6 0.7251804E+02
  15 0.7719693E+02
  11 0.7758469E+02
   4 0.7756366E+02
  15 0.7686055E+02
   3 0.7666795E+02
  10 0.7634946E+02
   7 0.7702138E+02
   8 0.7735661E+02
   6 0.7731046E+02
  13 0.7720103E+02
   2 0.7726057E+02
   9 0.7750443E+02
   5 0.7731194E+02
   1 0.7683236E+02
  12 0.7709545E+02
  14 0.7732060E+02
   4 0.7767524E+02
  10 0.7666571E+02
  13 0.7757531E+02
  29 0.7717059E+02
   8 0.7725369E+02
  16 0.7674377E+02
  17 0.7661683E+02
   7 0.7784001E+02
  30 0.7751084E+02
  12 0.7790034E+02
   5 0.7697290E+02
  25 0.7685551E+02
  18 0.7628828E+02
  29 0.7756744E+02
  28 0.7629175E+02
  31 0.7671803E+02
  10 0.7660442E+02
   4 0.7742603E+02
   7 0.7706731E+02
  14 0.7658171E+02
   5 0.7777680E+02
   4 0.6885104E+02
   8 0.6982526E+02
   3 0.7700850E+02
  17 0.7744489E+02
  21 0.7663083E+02
   7 0.7727871E+02
   2 0.7704992E+02
  12 0.7715438E+02
  18 0.7626885E+02
  16 0.7708997E+02
  31 0.7661461E+02
   7 0.7774817E+02
  26 0.7713059E+02
   4 0.7631319E+02
  15 0.7717365E+02
  27 0.7681079E+02
  22 0.7733889E+02
  15 0.7687258E+02
  31 0.7655828E+02
  23 0.7640010E+02
  16 0.7647059E+02
   7 0.7658634E+02
  22 0.7758885E+02
  24 0.7694945E+02
  11 0.7674368E+02
  27 0.7720118E+02
   6 0.7656613E+02
  20 0.7722146E+02
  19 0.7711905E+02
   4 0.7673720E+02
   9 0.7739641E+02
  11 0.7770903E+02
  27 0.7797926E+02
  20 0.7712954E+02
  24 0.7633754E+02
  13 0.7706822E+02
   1 0.7710714E+02
  25 0.7727452E+02
  29 0.7707078E+02
  31 0.7629438E+02
  19 0.7824027E+02
   6 0.7758549E+02
  22 0.7700005E+02
  28 0.7721536E+02
  30 0.7737272E+02
  20 0.7752498E+02
   9 0.7721537E+02
   5 0.7734861E+02
  24 0.7678144E+02
  12 0.7745323E+02
  22 0.7689911E+02
  11 0.7688608E+02
  28 0.7757341E+02
  19 0.7637250E+02
  30 0.7722258E+02
  14 0.7713470E+02
  17 0.7704765E+02
  10 0.7711532E+02
  21 0.7704999E+02
  22 0.1041446E+02
   1 0.7674933E+02
  20 0.7730423E+02
   8 0.7659262E+02
  10 0.7820181E+02
  22 0.7718342E+02
   3 0.7693576E+02
   2 0.7700548E+02
  21 0.7703335E+02
  18 0.7737592E+02
   1 0.7757087E+02
  26 0.7718277E+02
  18 0.7787594E+02
  10 0.7699400E+02
  20 0.7719800E+02
  21 0.7641081E+02
  23 0.7676095E+02
  15 0.7736117E+02
   2 0.7634689E+02
  10 0.7708956E+02
  26 0.7695592E+02
  16 0.7712612E+02
   6 0.7723352E+02
  29 0.7664324E+02
  18 0.7633971E+02
   1 0.7690942E+02
   7 0.7736737E+02
  30 0.7762459E+02
  24 0.7762167E+02
  25 0.7732932E+02
  27 0.7690390E+02
   4 0.7686430E+02
  28 0.7712458E+02
  11 0.7717724E+02
  17 0.7717021E+02
  22 0.7707050E+02
   9 0.7697230E+02
   5 0.7692762E+02
  31 0.7690633E+02
  14 0.7744858E+02
  13 0.7685938E+02
  12 0.7731078E+02
   3 0.7730611E+02
  19 0.7718134E+02
   8 0.7694941E+02
  20 0.7748541E+02
  21 0.7694365E+02
  23 0.7753559E+02
  50 0.1682084E+02
  16 0.3323571E+02
  26 0.7781098E+02
  59 0.7325799E+02
  13 0.7822690E+02
   4 0.7772261E+02
  60 0.7773575E+02
  42 0.7234974E+02
  52 0.7771247E+02
  39 0.7695858E+02
  59 0.5283550E+02
  31 0.7681498E+02
  12 0.7690652E+02
  17 0.7721081E+02
  62 0.7704064E+02
  21 0.7752429E+02
  41 0.7680106E+02
  53 0.7710927E+02
  44 0.7719885E+02
  55 0.7757730E+02
  51 0.7708473E+02
  27 0.7681063E+02
  16 0.7691355E+02
   4 0.7754534E+02
   7 0.7738549E+02
  58 0.7694715E+02
  63 0.7644744E+02
  56 0.7678824E+02
   9 0.7683901E+02
  20 0.7714495E+02
  30 0.7610550E+02
  57 0.7723973E+02
  31 0.7781101E+02
   8 0.7724940E+02
  50 0.7687095E+02
   3 0.7659205E+02
  60 0.7631654E+02
  33 0.7649092E+02
  41 0.7772491E+02
  15 0.7677187E+02
  20 0.7725702E+02
  23 0.7632427E+02
  55 0.6641339E+02
  21 0.7680007E+02
  51 0.7713240E+02
  26 0.7711190E+02
  62 0.7725955E+02
   9 0.1151567E+02
   2 0.7691069E+02
   1 0.7623127E+02
  31 0.7698580E+02
   3 0.7189500E+02
  50 0.7722098E+02
  60 0.7149647E+02
   1 0.7797834E+02
  63 0.7679299E+02
  16 0.7621863E+02
  62 0.7789623E+02
  39 0.7663938E+02
   8 0.7640944E+02
  57 0.7635963E+02
  23 0.7673544E+02
  58 0.7703615E+02
  17 0.7722453E+02
  41 0.7730855E+02
  21 0.7686644E+02
  55 0.7697372E+02
   2 0.7711528E+02
  31 0.7678429E+02
  57 0.2760781E+02
  16 0.7771208E+02
  17 0.7639697E+02
  15 0.7702240E+02
  40 0.7733624E+02
  60 0.7581208E+02
  50 0.7624791E+02
   1 0.7661307E+02
  58 0.7684103E+02
  36 0.7674528E+02
  41 0.7709697E+02
   6 0.7689480E+02
  24 0.7702094E+02
  61 0.7696666E+02
  19 0.7682338E+02
  45 0.7753860E+02
   5 0.7714292E+02
  43 0.7700039E+02
  25 0.7712042E+02
  49 0.7709120E+02
  32 0.7783956E+02
  29 0.7697325E+02
  18 0.7717928E+02
  38 0.7676478E+02
  11 0.7677252E+02
  54 0.7724480E+02
  34 0.7716603E+02
  35 0.7675772E+02
  48 0.7667651E+02
  28 0.7690048E+02
  10 0.7742127E+02
  46 0.7700451E+02
  14 0.7728759E+02
   8 0.7629844E+02
  59 0.7723914E+02
  22 0.7714504E+02
  47 0.7719797E+02
  12 0.7626507E+02
  27 0.7688166E+02
   7 0.7692833E+02
  42 0.7695702E+02
  37 0.7704410E+02
  44 0.7702949E+02
  53 0.7704195E+02
  13 0.7710397E+02
  52 0.7699992E+02
   9 0.7735008E+02
  33 0.7653018E+02
   4 0.7689048E+02
   3 0.7644582E+02
  56 0.7720055E+02
  20 0.7749514E+02
  51 0.7730315E+02
  23 0.7671535E+02
  63 0.7714877E+02
  30 0.7723198E+02
  26 0.7670317E+02
  39 0.7712094E+02
  62 0.7686576E+02
   9 0.3375372E+02
  19 0.7720835E+02
  23 0.6525320E+02
 106 0.7820950E+02
  73 0.7762903E+02
  29 0.7396235E+02
  62 0.7752267E+02
 107 0.5304033E+02
  54 0.7704450E+02
  48 0.7678760E+02
  45 0.7733254E+02
   5 0.7764221E+02
 122 0.7718028E+02
 109 0.7745265E+02
  52 0.7725887E+02
 104 0.7740768E+02
  46 0.7683631E+02
  84 0.7821722E+02
  81 0.7751317E+02
  16 0.7729195E+02
  33 0.7698818E+02
  97 0.7738535E+02
  49 0.7646922E+02
 121 0.7685285E+02
  50 0.7746113E+02
  35 0.7804012E+02
 100 0.7688249E+02
 105 0.7717244E+02
  98 0.7695263E+02
  13 0.7784338E+02
  24 0.7710145E+02
  12 0.7715034E+02
  75 0.7747818E+02
  77 0.7656567E+02
 120 0.7728796E+02
  93 0.7710554E+02
  69 0.7736525E+02
  27 0.7749169E+02
  64 0.4235778E+00
  92 0.7736624E+02
  10 0.7723233E+02
  20 0.7726866E+02
  61 0.7688734E+02
  88 0.7674514E+02
  66 0.7689958E+02
   1 0.7658608E+02
 119 0.7665514E+02
  58 0.7665880E+02
  30 0.7693971E+02
   4 0.7719321E+02
 111 0.7646566E+02
  44 0.7628734E+02
   8 0.7682318E+02
  37 0.7653860E+02
  15 0.7638717E+02
  72 0.7651353E+02
   7 0.7619974E+02
  28 0.7664136E+02
 116 0.7660804E+02
  26 0.7676227E+02
  80 0.7647181E+02
  76 0.7634840E+02
 126 0.7663154E+02
  63 0.7706537E+02
  59 0.7622607E+02
 114 0.7677088E+02
  86 0.7638878E+02
  18 0.7670853E+02
  96 0.7635852E+02
  99 0.7693726E+02
 102 0.7715879E+02
  83 0.7699933E+02
  21 0.7721810E+02
  56 0.7682238E+02
  85 0.7685061E+02
  32 0.7740952E+02
  65 0.7714015E+02
  41 0.7686313E+02
 112 0.7724550E+02
 110 0.7702962E+02
  34 0.7770835E+02
  74 0.7700882E+02
  17 0.7699169E+02
  89 0.7707785E+02
 127 0.7725366E+02
  67 0.7695248E+02
  40 0.7715751E+02
  22 0.7756882E+02
  53 0.7690091E+02
   3 0.7647912E+02
  57 0.7738215E+02
  87 0.7730738E+02
  43 0.7733623E+02
  79 0.7777223E+02
 108 0.7698731E+02
  42 0.7744039E+02
  14 0.7732953E+02
  90 0.7660629E+02
  38 0.7714517E+02
  36 0.7700539E+02
  70 0.7705555E+02
 118 0.7700714E+02
 124 0.7727198E+02
 101 0.7732743E+02
  94 0.7656338E+02
 113 0.7734139E+02
 123 0.7713252E+02
 125 0.7720213E+02
  47 0.7772588E+02
 103 0.7701145E+02
  39 0.7721002E+02
  71 0.7783339E+02
  55 0.7633690E+02
  31 0.7676569E+02
 117 0.7712632E+02
  11 0.7686491E+02
  68 0.7658890E+02
  95 0.7692556E+02
  51 0.7709954E+02
 115 0.7711644E+02
  91 0.7641459E+02
  78 0.7680921E+02
  25 0.7775590E+02
  82 0.7693335E+02
   6 0.7746687E+02
   2 0.7669692E+02
   9 0.7712043E+02
  60 0.7747166E+02
