   1 0.7164009E+02
   1 0.7076510E+02
   1 0.7022904E+02
   1 0.7089045E+02
   1 0.6676368E+02
   1 0.7010044E+02
   1 0.7037279E+02
   1 0.6967983E+02
   1 0.7063336E+02
   1 0.7065381E+02
   1 0.7027482E+02
   1 0.7090483E+02
   1 0.7062481E+02
   1 0.6944245E+02
   1 0.7019207E+02
   1 0.7102234E+02
   1 0.7101914E+02
   1 0.7006970E+02
   1 0.7036360E+02
   1 0.7013925E+02
   1 0.7065221E+02
   1 0.7078136E+02
   1 0.6997903E+02
   1 0.7072187E+02
   1 0.7017472E+02
   1 0.7063421E+02
   1 0.6979131E+02
   1 0.7046671E+02
   1 0.7028746E+02
   1 0.7045249E+02
   1 0.7058606E+02
   1 0.7046065E+02
   1 0.6985799E+02
   1 0.7077684E+02
   1 0.7047882E+02
   1 0.6988393E+02
   1 0.7004141E+02
   1 0.6945441E+02
   1 0.7006942E+02
   1 0.7048869E+02
   1 0.7020257E+02
   1 0.7006221E+02
   1 0.7062611E+02
   1 0.7028532E+02
   1 0.7042054E+02
   1 0.6967308E+02
   1 0.7062318E+02
   1 0.6990526E+02
   1 0.3234219E+02
   1 0.7054083E+02
   1 0.7133556E+02
   1 0.6985827E+02
   1 0.6992909E+02
   1 0.6979831E+02
   1 0.7089614E+02
   1 0.6981548E+02
   1 0.5632631E+02
   1 0.7021981E+02
   1 0.7039021E+02
   1 0.7030512E+02
   1 0.6996806E+02
   1 0.7048803E+02
   1 0.7092515E+02
   1 0.7031099E+02
   1 0.7067214E+02
   1 0.7014867E+02
   1 0.6991333E+02
   1 0.7026963E+02
   1 0.7088915E+02
   1 0.5718122E+02
   1 0.7014929E+02
   1 0.7046047E+02
   1 0.7042747E+02
   1 0.6928818E+02
   1 0.7059267E+02
   1 0.7030632E+02
   1 0.7013620E+02
   1 0.7016187E+02
   1 0.7047241E+02
   1 0.7007961E+02
   1 0.5440375E+02
   1 0.7023773E+02
   1 0.7042727E+02
   1 0.7041224E+02
   1 0.7096471E+02
   1 0.7043235E+02
   1 0.7000298E+02
   1 0.7044934E+02
   1 0.7024748E+02
   1 0.6995734E+02
   1 0.7048499E+02
   1 0.6923646E+02
   1 0.7081373E+02
   1 0.7071510E+02
   1 0.7007189E+02
   1 0.7089817E+02
   1 0.7013872E+02
   1 0.7057063E+02
   1 0.7036811E+02
   1 0.7101072E+02
   1 0.7057318E+02
   1 0.7010649E+02
   1 0.7098286E+02
   1 0.7039281E+02
   1 0.7029174E+02
   1 0.3084864E+02
   1 0.7036778E+02
   1 0.6970594E+02
   1 0.7025114E+02
   1 0.7040800E+02
   1 0.7035160E+02
   1 0.6929503E+02
   1 0.6959802E+02
   1 0.7101694E+02
   1 0.7009366E+02
   1 0.7077032E+02
   1 0.7052459E+02
   1 0.7024514E+02
   1 0.7065576E+02
   1 0.7095505E+02
   1 0.7027284E+02
   1 0.7042875E+02
   1 0.7042304E+02
   1 0.6975532E+02
   1 0.7020932E+02
   1 0.7029392E+02
   1 0.7059518E+02
   1 0.7098036E+02
   1 0.7037229E+02
   1 0.7073558E+02
   1 0.7026436E+02
   1 0.7038209E+02
   1 0.1029485E+02
   1 0.7056271E+02
   1 0.7004353E+02
   1 0.7058494E+02
   1 0.7081288E+02
   1 0.7018306E+02
   1 0.7016617E+02
   1 0.7050119E+02
   1 0.6974408E+02
   1 0.7044836E+02
   1 0.7054760E+02
   1 0.6973269E+02
   1 0.7063215E+02
   1 0.7015491E+02
   1 0.7074065E+02
   1 0.6976457E+02
   1 0.6945585E+02
   1 0.7077307E+02
   1 0.7018325E+02
   1 0.7024806E+02
   1 0.7032778E+02
   1 0.7028740E+02
   1 0.7060466E+02
   1 0.7070028E+02
   1 0.7073324E+02
   1 0.4919213E+02
   1 0.7010544E+02
   1 0.7008733E+02
   1 0.5718915E+02
   1 0.7012600E+02
   1 0.6997813E+02
   1 0.6972616E+02
   1 0.7021702E+02
   1 0.7023151E+02
   1 0.7068774E+02
   1 0.7013573E+02
   1 0.6329626E+02
   1 0.7007325E+02
   1 0.7073459E+02
   1 0.7069083E+02
   1 0.7045863E+02
   1 0.7012984E+02
   1 0.7011824E+02
   1 0.7033718E+02
   1 0.7037894E+02
   1 0.6991865E+02
   1 0.7032008E+02
   1 0.7050987E+02
   1 0.7020782E+02
   1 0.7005746E+02
   1 0.6982563E+02
   1 0.7056110E+02
   1 0.7051083E+02
   1 0.7002169E+02
   1 0.7040891E+02
   1 0.7053401E+02
   1 0.7088133E+02
   1 0.7030677E+02
   1 0.7057458E+02
   1 0.1657146E+02
   1 0.6951532E+02
   1 0.7044700E+02
   1 0.6992458E+02
   1 0.6959717E+02
   1 0.7093132E+02
   1 0.7086697E+02
   1 0.3903944E+02
   1 0.6981011E+02
   1 0.7068810E+02
   1 0.7036345E+02
   1 0.7127334E+02
   1 0.6975736E+02
   1 0.7004507E+02
   1 0.7099750E+02
   1 0.7091314E+02
   1 0.7039480E+02
   1 0.6983113E+02
   1 0.7048423E+02
   1 0.7038669E+02
   1 0.6974711E+02
   1 0.7033753E+02
   1 0.6986224E+02
   1 0.7008928E+02
   1 0.6970073E+02
   1 0.7052380E+02
   1 0.7130000E+02
   1 0.7061724E+02
   1 0.3535406E+02
   1 0.7027345E+02
   1 0.7010634E+02
   1 0.7043428E+02
   1 0.6992959E+02
   1 0.7004860E+02
   1 0.6970521E+02
   1 0.7014788E+02
   1 0.7031693E+02
   1 0.7054343E+02
   1 0.7056435E+02
   1 0.7086251E+02
   1 0.5401521E+02
   1 0.7005258E+02
   1 0.7054778E+02
   1 0.6993063E+02
   1 0.7036322E+02
   1 0.7045655E+02
   1 0.6994436E+02
   1 0.6918915E+02
   1 0.7033628E+02
   1 0.7067851E+02
   1 0.7057486E+02
   1 0.7087944E+02
   1 0.7057710E+02
   1 0.6976245E+02
   1 0.7009702E+02
   1 0.7031437E+02
   1 0.7029773E+02
   1 0.7046839E+02
   1 0.7041480E+02
   1 0.7086912E+02
   1 0.7074334E+02
   1 0.7124636E+02
   1 0.7047814E+02
   1 0.7063805E+02
   1 0.6961358E+02
   3 0.5705644E+02
   2 0.7003010E+02
   1 0.7026961E+02
   3 0.7035866E+02
   2 0.7007880E+02
   1 0.7023423E+02
   3 0.7012334E+02
   1 0.7089731E+02
   1 0.7026422E+02
   2 0.7007113E+02
   3 0.7046131E+02
   1 0.6996060E+02
   3 0.6969948E+02
   3 0.7076339E+02
   2 0.7036404E+02
   3 0.6158765E+02
   1 0.7077593E+02
   1 0.7009572E+02
   1 0.6996066E+02
   2 0.7015333E+02
   3 0.7005343E+02
   2 0.6983028E+02
   3 0.6996282E+02
   3 0.7054406E+02
   2 0.6985578E+02
   1 0.7021064E+02
   1 0.6992240E+02
   1 0.4406751E+02
   1 0.7136110E+02
   3 0.7021840E+02
   2 0.7099615E+02
   2 0.7135104E+02
   2 0.5003259E+02
   2 0.6969191E+02
   1 0.7050105E+02
   1 0.7053897E+02
   3 0.7053468E+02
   1 0.7149779E+02
   3 0.6956055E+02
   2 0.7046576E+02
   3 0.6936244E+02
   1 0.7027904E+02
   1 0.6973508E+02
   2 0.7042502E+02
   1 0.7003251E+02
   3 0.7039316E+02
   1 0.5724915E+02
   2 0.7008288E+02
   2 0.6991825E+02
   3 0.7001116E+02
   2 0.6769046E+02
   1 0.7057652E+02
   3 0.6968654E+02
   2 0.7098306E+02
   1 0.7003664E+02
   2 0.6989492E+02
   3 0.7051668E+02
   2 0.7068156E+02
   3 0.6972403E+02
   2 0.6900669E+02
   1 0.7037678E+02
   1 0.7091004E+02
   1 0.7065293E+02
   3 0.7028764E+02
   2 0.7033022E+02
   3 0.7029375E+02
   2 0.5526492E+02
   3 0.6983124E+02
   2 0.7065096E+02
   1 0.7042315E+02
   1 0.5181790E+02
   3 0.7026810E+02
   2 0.7004144E+02
   2 0.6992961E+02
   2 0.7070019E+02
   1 0.6992919E+02
   1 0.6943766E+02
   3 0.6980565E+02
   3 0.6959907E+02
   3 0.7063270E+02
   2 0.7040569E+02
   3 0.7103541E+02
   2 0.7143678E+02
   1 0.7037802E+02
   3 0.7018537E+02
   2 0.7061199E+02
   1 0.7034339E+02
   2 0.6977820E+02
   3 0.7064951E+02
   3 0.7080703E+02
   3 0.1467136E+02
   1 0.7023962E+02
   2 0.7052264E+02
   2 0.6998040E+02
   3 0.6974232E+02
   1 0.7061679E+02
   2 0.7035149E+02
   3 0.7090687E+02
   2 0.7049473E+02
   3 0.6990821E+02
   1 0.6990944E+02
   3 0.7005307E+02
   2 0.6980746E+02
   1 0.6993777E+02
   3 0.7043355E+02
   3 0.6971875E+02
   2 0.7066567E+02
   3 0.7016675E+02
   3 0.7039169E+02
   1 0.7075518E+02
   2 0.7056744E+02
   2 0.7055240E+02
   3 0.7008660E+02
   2 0.6949985E+02
   1 0.7059958E+02
   2 0.7010359E+02
   1 0.6352111E+02
   1 0.7084621E+02
   1 0.7028503E+02
   1 0.7093488E+02
   3 0.6971969E+02
   1 0.6991951E+02
   3 0.3872801E+02
   2 0.7087607E+02
   3 0.7003619E+02
   2 0.7098920E+02
   1 0.7030044E+02
   3 0.7018445E+02
   2 0.7010656E+02
   3 0.7000633E+02
   2 0.7054911E+02
   1 0.6977729E+02
   3 0.7024449E+02
   2 0.7041475E+02
   1 0.7004360E+02
   3 0.7052586E+02
   3 0.6101121E+02
   2 0.7038777E+02
   2 0.7020098E+02
   1 0.7056023E+02
   2 0.7094837E+02
   1 0.7013465E+02
   1 0.6955130E+02
   3 0.6999428E+02
   1 0.7026931E+02
   3 0.7048520E+02
   3 0.6984051E+02
   2 0.7008623E+02
   2 0.6827560E+02
   1 0.7043522E+02
   3 0.7050062E+02
   2 0.7031530E+02
   3 0.6895251E+02
   3 0.7028714E+02
   2 0.6976068E+02
   3 0.7100875E+02
   1 0.7042504E+02
   3 0.7118459E+02
   2 0.6969266E+02
   1 0.7017208E+02
   3 0.7038141E+02
   1 0.7093834E+02
   2 0.7022272E+02
   3 0.7057962E+02
   2 0.6963890E+02
   1 0.7046372E+02
   1 0.6570127E+02
   3 0.6584923E+02
   2 0.7003819E+02
   1 0.7013807E+02
   3 0.1808758E+02
   2 0.7082165E+02
   1 0.7035441E+02
   3 0.7056131E+02
   3 0.7079677E+02
   2 0.7065499E+02
   2 0.7080014E+02
   1 0.7057454E+02
   3 0.7035601E+02
   3 0.6987111E+02
   3 0.6998317E+02
   2 0.7028808E+02
   1 0.7046148E+02
   2 0.7040032E+02
   3 0.7000720E+02
   3 0.7101213E+02
   2 0.7056869E+02
   2 0.7052145E+02
   1 0.7015621E+02
   1 0.7092381E+02
   3 0.7100549E+02
   3 0.2896412E+02
   1 0.6998069E+02
   2 0.6995046E+02
   2 0.7045880E+02
   3 0.7107347E+02
   1 0.7037767E+02
   2 0.7084882E+02
   1 0.7050464E+02
   3 0.6980125E+02
   2 0.7049026E+02
   1 0.7052415E+02
   2 0.7154155E+02
   2 0.7004499E+02
   2 0.7009260E+02
   3 0.7039929E+02
   1 0.7018069E+02
   1 0.6791088E+02
   1 0.6993186E+02
   2 0.7094159E+02
   3 0.7049274E+02
   3 0.7028921E+02
   3 0.7023509E+02
   1 0.7011705E+02
   2 0.7027653E+02
   3 0.7030895E+02
   2 0.6991941E+02
   3 0.7014297E+02
   2 0.7019756E+02
   3 0.6987415E+02
   1 0.7014505E+02
   2 0.7058816E+02
   3 0.7056579E+02
   2 0.7020964E+02
   1 0.7115283E+02
   3 0.6957641E+02
   2 0.6969013E+02
   1 0.7094832E+02
   3 0.6978181E+02
   2 0.7014088E+02
   1 0.7029850E+02
   3 0.7031370E+02
   2 0.7002247E+02
   1 0.7095977E+02
   2 0.7003491E+02
   3 0.6995777E+02
   3 0.6971480E+02
   3 0.6960444E+02
   1 0.7010578E+02
   3 0.6987397E+02
   3 0.7065549E+02
   2 0.7071136E+02
   3 0.7035932E+02
   3 0.7053514E+02
   3 0.7000387E+02
   1 0.7067332E+02
   2 0.7018808E+02
   3 0.7032382E+02
   3 0.6959462E+02
   1 0.7052088E+02
   2 0.7037286E+02
   1 0.7072483E+02
   3 0.7016134E+02
   2 0.7022381E+02
   1 0.7012067E+02
   3 0.7022844E+02
   4 0.6201408E+02
   6 0.7045813E+02
   7 0.7082261E+02
   2 0.7081509E+02
   7 0.6978934E+02
   1 0.7039394E+02
   3 0.7028568E+02
   5 0.7020300E+02
   7 0.6967631E+02
   4 0.7000157E+02
   6 0.7081925E+02
   1 0.7009816E+02
   2 0.7032369E+02
   1 0.1789125E+02
   6 0.7115987E+02
   6 0.7090358E+02
   2 0.7052265E+02
   5 0.6968909E+02
   3 0.7072599E+02
   7 0.7003125E+02
   4 0.6992034E+02
   2 0.7030288E+02
   1 0.7058014E+02
   4 0.7034241E+02
   6 0.7099272E+02
   2 0.6970386E+02
   5 0.7039919E+02
   3 0.7012022E+02
   7 0.7006551E+02
   2 0.7035101E+02
   1 0.7018031E+02
   4 0.7018709E+02
   3 0.7025601E+02
   1 0.6991688E+02
   6 0.7047240E+02
   5 0.7016403E+02
   1 0.7012376E+02
   7 0.7051718E+02
   3 0.6977010E+02
   6 0.6894718E+02
   2 0.7015998E+02
   3 0.4961509E+02
   4 0.7020276E+02
   1 0.7056076E+02
   7 0.6967324E+02
   6 0.7026363E+02
   2 0.7042336E+02
   5 0.7023046E+02
   4 0.7070979E+02
   6 0.7033279E+02
   7 0.7036168E+02
   4 0.7102041E+02
   5 0.7050641E+02
   3 0.7053810E+02
   1 0.7046510E+02
   7 0.7064404E+02
   4 0.7111695E+02
   7 0.7168642E+02
   3 0.7056640E+02
   2 0.7005410E+02
   6 0.7038851E+02
   7 0.7053649E+02
   2 0.6995026E+02
   4 0.6996876E+02
   6 0.6959413E+02
   5 0.7043360E+02
   1 0.6993371E+02
   7 0.6996356E+02
   3 0.7051119E+02
   2 0.7045241E+02
   7 0.7051918E+02
   5 0.7070791E+02
   4 0.7065295E+02
   6 0.7006051E+02
   1 0.7015415E+02
   3 0.7045166E+02
   4 0.7010414E+02
   2 0.7024407E+02
   7 0.7030440E+02
   4 0.7109614E+02
   5 0.7055983E+02
   1 0.6995532E+02
   3 0.7057315E+02
   7 0.7067994E+02
   6 0.7050506E+02
   5 0.7050078E+02
   1 0.7002024E+02
   2 0.7007589E+02
   4 0.7002357E+02
   2 0.7134444E+02
   1 0.6982134E+02
   2 0.7016301E+02
   3 0.6977448E+02
   7 0.7071709E+02
   6 0.7054388E+02
   5 0.7034310E+02
   4 0.7028606E+02
   1 0.7024631E+02
   6 0.7054000E+02
   5 0.7045208E+02
   7 0.7042151E+02
   6 0.7055379E+02
   2 0.7037284E+02
   3 0.7080457E+02
   1 0.6995666E+02
   5 0.7038322E+02
   2 0.7017583E+02
   4 0.7050992E+02
   3 0.7067374E+02
   5 0.7024957E+02
   1 0.7017406E+02
   7 0.7050742E+02
   2 0.7040575E+02
   6 0.7027788E+02
   3 0.7002201E+02
   1 0.6968940E+02
   1 0.7075066E+02
   4 0.7002932E+02
   6 0.6942637E+02
   5 0.7026622E+02
   7 0.7016591E+02
   2 0.7028347E+02
   5 0.7039691E+02
   3 0.7007552E+02
   7 0.7086856E+02
   1 0.7007393E+02
   5 0.7000162E+02
   3 0.7038015E+02
   4 0.7026207E+02
   7 0.6998225E+02
   6 0.7044255E+02
   2 0.6995859E+02
   1 0.6996108E+02
   7 0.7036781E+02
   6 0.7026693E+02
   5 0.7074135E+02
   4 0.7012790E+02
   3 0.7054880E+02
   3 0.5304193E+02
   2 0.7017179E+02
   1 0.7040345E+02
   2 0.6956531E+02
   3 0.6961816E+02
   1 0.6713589E+02
   7 0.7001944E+02
   6 0.6984710E+02
   6 0.6844195E+02
   5 0.7024237E+02
   2 0.7107894E+02
   4 0.7057831E+02
   2 0.6895548E+02
   5 0.7044745E+02
   7 0.7038660E+02
   6 0.7051406E+02
   5 0.7064573E+02
   2 0.6973096E+02
   1 0.7104712E+02
   3 0.6992914E+02
   6 0.7014417E+02
   5 0.6998136E+02
   4 0.7028073E+02
   1 0.7017284E+02
   7 0.7058891E+02
   1 0.6959018E+02
   2 0.7055160E+02
   3 0.7025146E+02
   6 0.7046325E+02
   3 0.1417564E+02
   5 0.7041527E+02
   1 0.7070799E+02
   4 0.7035843E+02
   5 0.7039849E+02
   7 0.7030180E+02
   2 0.7021075E+02
   7 0.7096697E+02
   3 0.7025605E+02
   6 0.7055725E+02
   3 0.7080984E+02
   1 0.7023080E+02
   4 0.7054859E+02
   5 0.7103085E+02
   2 0.7020798E+02
   1 0.7080429E+02
   7 0.7058136E+02
   6 0.7041367E+02
   3 0.7092382E+02
   2 0.6983988E+02
   4 0.7053622E+02
   5 0.7027416E+02
   1 0.7077192E+02
   3 0.6989679E+02
   7 0.7071771E+02
   4 0.6995365E+02
   1 0.7079684E+02
   5 0.7028800E+02
   6 0.7020119E+02
   4 0.7044543E+02
   2 0.7038301E+02
   7 0.7032230E+02
   1 0.6606281E+02
   5 0.7016324E+02
   6 0.7084361E+02
   3 0.7071706E+02
   4 0.7025445E+02
   1 0.7037320E+02
   6 0.7070815E+02
   2 0.7056752E+02
   7 0.7052648E+02
   5 0.7069441E+02
   6 0.6949462E+02
   3 0.7002889E+02
   4 0.7041484E+02
   2 0.6979094E+02
   6 0.7079450E+02
   1 0.7007778E+02
   3 0.7068472E+02
   2 0.7042161E+02
   6 0.7054185E+02
   7 0.7054977E+02
   5 0.7001272E+02
   1 0.6997109E+02
   2 0.7081455E+02
   6 0.7112612E+02
   5 0.4458685E+02
   4 0.7013614E+02
   6 0.7017388E+02
   5 0.7068741E+02
   1 0.7085194E+02
   3 0.7050471E+02
   2 0.7020031E+02
   7 0.6943545E+02
   1 0.7061107E+02
   7 0.3940688E+02
   6 0.6969556E+02
   5 0.7021806E+02
   4 0.7076961E+02
   6 0.7074241E+02
   1 0.7011108E+02
   5 0.7062326E+02
   3 0.7046310E+02
   1 0.7076987E+02
   2 0.7021335E+02
   4 0.7029012E+02
   5 0.6952974E+02
   7 0.6954973E+02
   6 0.7066111E+02
   4 0.7064895E+02
   1 0.6990896E+02
   5 0.6969387E+02
   3 0.6985777E+02
   6 0.6945685E+02
   5 0.6158082E+02
   2 0.7004366E+02
   4 0.7025557E+02
   7 0.7009149E+02
   1 0.7051712E+02
   7 0.6951458E+02
   3 0.7116449E+02
  11 0.6991776E+02
   8 0.7021461E+02
   3 0.7072586E+02
   1 0.7046450E+02
   6 0.7063495E+02
   9 0.7037144E+02
   8 0.7099797E+02
  11 0.7005219E+02
   7 0.7043004E+02
   1 0.7119666E+02
   5 0.7033436E+02
   7 0.7118311E+02
   9 0.6966709E+02
   8 0.7013607E+02
   9 0.7130784E+02
   6 0.7011441E+02
   1 0.7070994E+02
  13 0.7028695E+02
   2 0.6966492E+02
  14 0.7062730E+02
   7 0.6934699E+02
  11 0.7015598E+02
  13 0.7080517E+02
   5 0.6999523E+02
   7 0.6975382E+02
   4 0.7046948E+02
  10 0.7012483E+02
  12 0.7067745E+02
  15 0.7022815E+02
   9 0.7030432E+02
   7 0.7005795E+02
  12 0.7086695E+02
  11 0.7063304E+02
   8 0.7068619E+02
  10 0.6913221E+02
   5 0.7020304E+02
  13 0.6971613E+02
   3 0.6955619E+02
   5 0.7058570E+02
   8 0.7048923E+02
  11 0.6982848E+02
   8 0.7128911E+02
   9 0.7017038E+02
   5 0.7044311E+02
   1 0.6995159E+02
   7 0.7050420E+02
   1 0.6221633E+02
  13 0.6940664E+02
  14 0.7012595E+02
  11 0.7021688E+02
   2 0.6994175E+02
   6 0.7062948E+02
  11 0.6924795E+02
  15 0.6992857E+02
   9 0.7063697E+02
   1 0.6955262E+02
   9 0.7032117E+02
   7 0.6985310E+02
   5 0.7032036E+02
   4 0.6990890E+02
  11 0.7043459E+02
   7 0.7037584E+02
   9 0.7002698E+02
  14 0.7033651E+02
  11 0.6999875E+02
   8 0.7014367E+02
   4 0.6939236E+02
  12 0.7051177E+02
   6 0.7046634E+02
  15 0.7054741E+02
  10 0.7006056E+02
  11 0.7083672E+02
   2 0.7006919E+02
   5 0.7051742E+02
   6 0.3436673E+02
   7 0.7037046E+02
   1 0.7018999E+02
   3 0.7033628E+02
  15 0.6995688E+02
   6 0.7045636E+02
   2 0.7140880E+02
   9 0.7081306E+02
   1 0.7129356E+02
  15 0.7039237E+02
  12 0.7049080E+02
  14 0.6997647E+02
  13 0.7015157E+02
   3 0.3257450E+02
  10 0.6962905E+02
  13 0.6930748E+02
   5 0.7014764E+02
   9 0.7037519E+02
   3 0.7069201E+02
   2 0.6983712E+02
  11 0.7074905E+02
  14 0.7087503E+02
   9 0.7068186E+02
   6 0.7044050E+02
  15 0.7060241E+02
  14 0.7039494E+02
   9 0.7022190E+02
  13 0.7040718E+02
   1 0.7048891E+02
   2 0.7039354E+02
  13 0.7164098E+02
   5 0.7044254E+02
  13 0.6803194E+02
  11 0.7056553E+02
   4 0.7008145E+02
   8 0.7013912E+02
  15 0.7039896E+02
   7 0.7032105E+02
   9 0.7031846E+02
  11 0.6983921E+02
  15 0.7011482E+02
   5 0.7025865E+02
   8 0.7056884E+02
   7 0.7095861E+02
   9 0.6980285E+02
   6 0.7075163E+02
  11 0.6982131E+02
  10 0.7034272E+02
  12 0.7103682E+02
   5 0.7048206E+02
   9 0.7119106E+02
  15 0.7042433E+02
   8 0.7046857E+02
   2 0.7018799E+02
  14 0.7047224E+02
   1 0.7033313E+02
  15 0.7047985E+02
   3 0.7029234E+02
   2 0.6216471E+02
   5 0.7042651E+02
   9 0.7021917E+02
  12 0.7022000E+02
  15 0.7024280E+02
  10 0.7084248E+02
   5 0.7034755E+02
  15 0.6951896E+02
   1 0.7053393E+02
  10 0.7047610E+02
   9 0.7084493E+02
  13 0.7037055E+02
  10 0.7049781E+02
   4 0.7055325E+02
   5 0.7023170E+02
  11 0.7062217E+02
   6 0.7018298E+02
   7 0.7005472E+02
   2 0.7071533E+02
   4 0.7053983E+02
   6 0.6707702E+02
  14 0.7043340E+02
   5 0.7054281E+02
   9 0.6996346E+02
  14 0.7059263E+02
  15 0.7029971E+02
   5 0.7091541E+02
  10 0.7015194E+02
   8 0.7074698E+02
   4 0.7077818E+02
  12 0.7029419E+02
  14 0.7010965E+02
   2 0.7079435E+02
   3 0.7022099E+02
  15 0.7033968E+02
   1 0.7026751E+02
   5 0.6988934E+02
   2 0.7056659E+02
   7 0.6986787E+02
   9 0.7015275E+02
  10 0.7050002E+02
   1 0.7092314E+02
   2 0.6862134E+02
  14 0.7019021E+02
  14 0.7091748E+02
   7 0.7029814E+02
   2 0.7108181E+02
   5 0.7041748E+02
  13 0.7046585E+02
  15 0.6968588E+02
   5 0.7136715E+02
  11 0.7022663E+02
  15 0.7078990E+02
   6 0.7013856E+02
  10 0.7013152E+02
  10 0.7041180E+02
  12 0.7112214E+02
   1 0.6968401E+02
  11 0.7086851E+02
  15 0.7061238E+02
   2 0.7052093E+02
  15 0.4776662E+02
   5 0.7035916E+02
   8 0.7060285E+02
   4 0.7031470E+02
  10 0.7025847E+02
   3 0.6963154E+02
   5 0.6961108E+02
  15 0.7105473E+02
   2 0.7029606E+02
   9 0.7012634E+02
  15 0.7090558E+02
   5 0.7006703E+02
   3 0.7040331E+02
   8 0.7043222E+02
  10 0.7027165E+02
   9 0.7089058E+02
  14 0.7084280E+02
   5 0.4842653E+02
   6 0.7028008E+02
   7 0.7075367E+02
   6 0.7186242E+02
   2 0.7059573E+02
  10 0.6972258E+02
  12 0.7080273E+02
   1 0.7045739E+02
  14 0.7035890E+02
  13 0.7021596E+02
   2 0.7081953E+02
   9 0.7103287E+02
  12 0.7072613E+02
   5 0.7077299E+02
  14 0.7094794E+02
   9 0.5189826E+02
  11 0.7123710E+02
  13 0.6982169E+02
   5 0.7071968E+02
  10 0.7031835E+02
  14 0.7056279E+02
   4 0.7064493E+02
   5 0.7135415E+02
   2 0.6986737E+02
  15 0.7039788E+02
  10 0.7005586E+02
   2 0.7039195E+02
  14 0.7013459E+02
   2 0.6960241E+02
  15 0.6997086E+02
   6 0.7039492E+02
   8 0.7059468E+02
   3 0.7039956E+02
   5 0.7008017E+02
   2 0.6973029E+02
   1 0.7034173E+02
  12 0.7009663E+02
  14 0.7031321E+02
  10 0.6984294E+02
   7 0.7027548E+02
  13 0.7005767E+02
   4 0.7016451E+02
   9 0.7028760E+02
  11 0.7053983E+02
  10 0.7036303E+02
  23 0.7071177E+02
   3 0.7117298E+02
   1 0.7144128E+02
  16 0.7053922E+02
   7 0.7090458E+02
   4 0.7064860E+02
  24 0.6981364E+02
  14 0.6967839E+02
  20 0.7051786E+02
  11 0.7003878E+02
  30 0.7014142E+02
  14 0.6852285E+02
  14 0.5956554E+02
  12 0.6998392E+02
  20 0.7136011E+02
  16 0.7029420E+02
  23 0.6972215E+02
  28 0.7024437E+02
  24 0.7042621E+02
   2 0.7015851E+02
  11 0.7033160E+02
  30 0.5133958E+02
  14 0.6968666E+02
   4 0.7013547E+02
  24 0.7010697E+02
  20 0.7056527E+02
  23 0.7074485E+02
  31 0.7066710E+02
   4 0.7055438E+02
  14 0.7066186E+02
  17 0.7046971E+02
  31 0.4531369E+02
   6 0.7031707E+02
   4 0.7009239E+02
   2 0.6997725E+02
  22 0.7021650E+02
  26 0.7031963E+02
  21 0.7044403E+02
  18 0.7075578E+02
  19 0.7012152E+02
  15 0.6999462E+02
   9 0.7070890E+02
  22 0.6661863E+02
   5 0.7059890E+02
  30 0.7005794E+02
  10 0.7041100E+02
   1 0.7048286E+02
   3 0.7037559E+02
   4 0.7040936E+02
  21 0.6918457E+02
  25 0.7030264E+02
   8 0.7057194E+02
  27 0.7016560E+02
  18 0.7049403E+02
  26 0.6977716E+02
  22 0.7054658E+02
  16 0.7018515E+02
  29 0.7063733E+02
  30 0.7059827E+02
  13 0.7046876E+02
  10 0.7000473E+02
   7 0.7069637E+02
  31 0.7054536E+02
   9 0.7063655E+02
   4 0.7101516E+02
  26 0.7057072E+02
  12 0.7053080E+02
  25 0.6960648E+02
  18 0.6957917E+02
   1 0.7038784E+02
  10 0.7041443E+02
  13 0.7019992E+02
  11 0.6979453E+02
  21 0.6973187E+02
  25 0.7090487E+02
  20 0.7016839E+02
  31 0.7076553E+02
  28 0.7020191E+02
  23 0.7027632E+02
  10 0.6053486E+02
   1 0.7050010E+02
  29 0.6956053E+02
  14 0.7018101E+02
   3 0.7045483E+02
  31 0.6349254E+02
   7 0.7030931E+02
  25 0.7040480E+02
  24 0.7004373E+02
  17 0.7057863E+02
  14 0.7047787E+02
   1 0.7082492E+02
  25 0.7132337E+02
  28 0.7106441E+02
  31 0.7087196E+02
   9 0.7021026E+02
  18 0.6990395E+02
   6 0.7039997E+02
  13 0.6991016E+02
  19 0.6987026E+02
   2 0.7082521E+02
   7 0.7000868E+02
   5 0.7012658E+02
  22 0.7040690E+02
  29 0.6992131E+02
  15 0.7057211E+02
   8 0.7062597E+02
   9 0.7111111E+02
  19 0.7020446E+02
  30 0.7101609E+02
  22 0.6944122E+02
  16 0.7095078E+02
   5 0.7054596E+02
  11 0.7037652E+02
   5 0.6123935E+02
  10 0.7103070E+02
  24 0.7022584E+02
   4 0.7029880E+02
  27 0.7010041E+02
  12 0.7024602E+02
  22 0.7068176E+02
  14 0.7015933E+02
  21 0.7033760E+02
  30 0.7045695E+02
  10 0.7110657E+02
  23 0.6986903E+02
  17 0.7053722E+02
  26 0.6973457E+02
  12 0.7059162E+02
  20 0.6972604E+02
   1 0.7014339E+02
  21 0.6968615E+02
  18 0.7057288E+02
  13 0.6974796E+02
  24 0.6961718E+02
   3 0.7038366E+02
  12 0.7004341E+02
  10 0.7037171E+02
  31 0.7044575E+02
   1 0.7015142E+02
   7 0.7071862E+02
  28 0.7049048E+02
   6 0.7080261E+02
   2 0.7050632E+02
  23 0.6969437E+02
  25 0.7052747E+02
  18 0.7070539E+02
  25 0.1069120E+02
  31 0.6991094E+02
  24 0.7007686E+02
   7 0.7119184E+02
   8 0.7050854E+02
  19 0.7020973E+02
  23 0.6984148E+02
   2 0.6979740E+02
   9 0.6982805E+02
  15 0.7063172E+02
  31 0.7032519E+02
   6 0.7113803E+02
  11 0.7079614E+02
  29 0.7005460E+02
  23 0.7086626E+02
  17 0.6993698E+02
   6 0.7071106E+02
   5 0.7025086E+02
  31 0.6982760E+02
  30 0.7037907E+02
   1 0.7052932E+02
   2 0.7032948E+02
  12 0.7046564E+02
   5 0.7056377E+02
   9 0.6958863E+02
  27 0.6983321E+02
  21 0.7045127E+02
   4 0.7037926E+02
  11 0.7020045E+02
  31 0.7080292E+02
  14 0.7082143E+02
  10 0.7055428E+02
  23 0.7001870E+02
  13 0.7042525E+02
  26 0.7060942E+02
  22 0.7107935E+02
  30 0.7050864E+02
  20 0.7038196E+02
  16 0.7053896E+02
  10 0.7000910E+02
  24 0.7038237E+02
   5 0.7077159E+02
   9 0.7030840E+02
  13 0.7033644E+02
  12 0.7000214E+02
   3 0.7030386E+02
  16 0.6743641E+02
  30 0.7135933E+02
  25 0.7077701E+02
  26 0.7107656E+02
   8 0.7047511E+02
  19 0.7083777E+02
  20 0.7036431E+02
  11 0.7064983E+02
  28 0.7022685E+02
  10 0.6948842E+02
   7 0.6987632E+02
  27 0.7014652E+02
  16 0.7036822E+02
   5 0.7060217E+02
  28 0.5047187E+02
  26 0.7010119E+02
   8 0.6968631E+02
  20 0.7038320E+02
  18 0.7074728E+02
  17 0.7029809E+02
  12 0.7036876E+02
  30 0.6960970E+02
   3 0.7012043E+02
   9 0.6981333E+02
  31 0.7002353E+02
  28 0.6972991E+02
  27 0.6972707E+02
  18 0.7066747E+02
   5 0.6996286E+02
   8 0.6924450E+02
  15 0.6988510E+02
  20 0.7038270E+02
   1 0.7033457E+02
  29 0.7018015E+02
  11 0.7009240E+02
  13 0.7056607E+02
  24 0.7016054E+02
   6 0.7034148E+02
  18 0.7103797E+02
  20 0.7030066E+02
   2 0.7019255E+02
  14 0.7002123E+02
  23 0.6997906E+02
   9 0.6999133E+02
  21 0.7047491E+02
  22 0.6998301E+02
  27 0.6995720E+02
   4 0.7015201E+02
   3 0.7056268E+02
  17 0.7025597E+02
  10 0.7074409E+02
   5 0.7111978E+02
   7 0.7002785E+02
  28 0.7022874E+02
   8 0.7020331E+02
  19 0.7041859E+02
  30 0.7066021E+02
  12 0.7090456E+02
  16 0.7017784E+02
  26 0.6992142E+02
  25 0.7022528E+02
  31 0.7052607E+02
  15 0.7023598E+02
   7 0.8037428E+01
   5 0.7028333E+02
  40 0.4830506E+02
  14 0.7127699E+02
  34 0.7053327E+02
  38 0.3270998E+02
  36 0.7142606E+02
  44 0.5739597E+02
  19 0.1769595E+02
  21 0.7097531E+02
  22 0.7086983E+02
  11 0.7136978E+02
  47 0.6916981E+02
   2 0.7082020E+02
  45 0.7044003E+02
  25 0.7020899E+02
  27 0.7060714E+02
  23 0.7080561E+02
  10 0.7050732E+02
   6 0.7112713E+02
  61 0.7041191E+02
   9 0.7068289E+02
  30 0.6969652E+02
  45 0.3507127E+02
  42 0.7025263E+02
   4 0.6935524E+02
  29 0.6968357E+02
  39 0.6961152E+02
  26 0.6980235E+02
  43 0.7060072E+02
  46 0.7054700E+02
   7 0.6970189E+02
  20 0.6994391E+02
  52 0.7071490E+02
  22 0.5875183E+02
  58 0.7023746E+02
  14 0.7004878E+02
   9 0.7037577E+02
  47 0.7065810E+02
  63 0.7054024E+02
  46 0.4103598E+02
  23 0.7102707E+02
  51 0.7045393E+02
  31 0.7001357E+02
  59 0.6987698E+02
  42 0.7024875E+02
  25 0.7002244E+02
  63 0.7082775E+02
  39 0.7061953E+02
  61 0.7017573E+02
  49 0.7067380E+02
  23 0.7092130E+02
  44 0.6994670E+02
  47 0.7020554E+02
  26 0.7055806E+02
  58 0.7046473E+02
  63 0.7046686E+02
   9 0.7105892E+02
  30 0.7051303E+02
  49 0.7015429E+02
  39 0.7059326E+02
  42 0.5804226E+02
  51 0.7034015E+02
  22 0.7034948E+02
  25 0.6983327E+02
  44 0.7036670E+02
  26 0.7037930E+02
  63 0.6990495E+02
   5 0.7078065E+02
  25 0.7077189E+02
  28 0.7009655E+02
  53 0.7056961E+02
  29 0.7025538E+02
  48 0.7013710E+02
   4 0.7138473E+02
  25 0.7058508E+02
  39 0.7027143E+02
  34 0.7052571E+02
  47 0.7034676E+02
  56 0.6998979E+02
  30 0.7021303E+02
  35 0.7011507E+02
  62 0.7045732E+02
  38 0.7018310E+02
  48 0.7063756E+02
  27 0.7075296E+02
  17 0.7058914E+02
  24 0.7076188E+02
   4 0.7069859E+02
   9 0.6971947E+02
  12 0.7062890E+02
  29 0.6969915E+02
  55 0.7030147E+02
  40 0.7072810E+02
  37 0.7033677E+02
  57 0.7011239E+02
  62 0.7068867E+02
  32 0.6980276E+02
  34 0.7069017E+02
  60 0.7042687E+02
  15 0.7049549E+02
   8 0.7004885E+02
  31 0.7046782E+02
   5 0.7013786E+02
  38 0.7072721E+02
  16 0.7063917E+02
  13 0.7022589E+02
   8 0.7111104E+02
  54 0.7054754E+02
  39 0.7034552E+02
  48 0.7037457E+02
   3 0.6988141E+02
  29 0.7055906E+02
  38 0.7093424E+02
   1 0.7012776E+02
  25 0.7059830E+02
  62 0.7074983E+02
  18 0.7074776E+02
  34 0.7074650E+02
  62 0.7153213E+02
  56 0.7021970E+02
  50 0.7058392E+02
  19 0.7025104E+02
  21 0.7043050E+02
  49 0.6993294E+02
  32 0.5823919E+02
   9 0.6981904E+02
  41 0.7027518E+02
  52 0.6980177E+02
  31 0.6973410E+02
  33 0.7017863E+02
  11 0.7024709E+02
  23 0.7030205E+02
   6 0.7008234E+02
  38 0.7087853E+02
  15 0.7095153E+02
  10 0.7064163E+02
   2 0.7047988E+02
   7 0.7065233E+02
  40 0.6940068E+02
  20 0.6989277E+02
  18 0.7040982E+02
  14 0.7052175E+02
  19 0.1416196E+02
   3 0.6980399E+02
  36 0.7040724E+02
  45 0.7006981E+02
  22 0.7030624E+02
  60 0.6975165E+02
  33 0.7096047E+02
  49 0.6464518E+02
  32 0.7016097E+02
  10 0.3971032E+02
  16 0.7044264E+02
  39 0.7013589E+02
  46 0.7029335E+02
  50 0.6974029E+02
  39 0.5869843E+01
  12 0.6993999E+02
  58 0.7013867E+02
  18 0.7087450E+02
  60 0.7050241E+02
  63 0.7026665E+02
  38 0.6973709E+02
  28 0.7040076E+02
  50 0.4129310E+02
  51 0.6979467E+02
  19 0.7028937E+02
  14 0.7032837E+02
  34 0.7007187E+02
  11 0.7059274E+02
  19 0.3569382E+02
  41 0.6998147E+02
  10 0.6973790E+02
  61 0.7053562E+02
  46 0.7053188E+02
  28 0.6994541E+02
  43 0.7031034E+02
  10 0.7082251E+02
  44 0.6980677E+02
  51 0.6995658E+02
  11 0.7028090E+02
  38 0.6977296E+02
  35 0.6996971E+02
  47 0.7086500E+02
   7 0.7007099E+02
  59 0.7050073E+02
  60 0.7006204E+02
  40 0.7020173E+02
  31 0.6973486E+02
  18 0.7019770E+02
  10 0.6967599E+02
   5 0.7037768E+02
   4 0.7034845E+02
  31 0.7091427E+02
  25 0.7023417E+02
  27 0.7028733E+02
  28 0.7063922E+02
  61 0.7049684E+02
  46 0.7066421E+02
  10 0.3894612E+02
  40 0.7043614E+02
  52 0.6970776E+02
  21 0.7069888E+02
  53 0.7001928E+02
  18 0.7084567E+02
  29 0.7023659E+02
  38 0.7029911E+02
   9 0.7025327E+02
   5 0.7012949E+02
  48 0.7042144E+02
  42 0.7061352E+02
  62 0.7029874E+02
  26 0.7026551E+02
  17 0.7077967E+02
  33 0.7020676E+02
  59 0.7067137E+02
   1 0.7006425E+02
  35 0.6989929E+02
  24 0.7044009E+02
  16 0.7014105E+02
   7 0.6978404E+02
  23 0.7053234E+02
  56 0.6993352E+02
  36 0.7028321E+02
  30 0.7049530E+02
  12 0.7003463E+02
  20 0.7032790E+02
   2 0.7011116E+02
  39 0.7006066E+02
  50 0.7065722E+02
  37 0.7012500E+02
  57 0.7096612E+02
  34 0.7037707E+02
   6 0.6982605E+02
  19 0.7047008E+02
  49 0.7020859E+02
  13 0.7051641E+02
  58 0.7031744E+02
  14 0.7056467E+02
  55 0.7020703E+02
  32 0.7056883E+02
  15 0.6977318E+02
  51 0.6994395E+02
  45 0.7051793E+02
   8 0.7007036E+02
  41 0.7028349E+02
  44 0.7154224E+02
  47 0.7080590E+02
  63 0.7099777E+02
  43 0.7027469E+02
   3 0.7037745E+02
  54 0.6992611E+02
  22 0.6998572E+02
  60 0.7036527E+02
  11 0.7018927E+02
  56 0.5040189E+02
  65 0.6939329E+02
  97 0.7054823E+02
  50 0.7092325E+02
 117 0.6750282E+02
  94 0.7045861E+02
 108 0.7098859E+02
 100 0.7107284E+02
  92 0.6980191E+02
  21 0.7019789E+02
   3 0.5280474E+02
  56 0.7063131E+02
  36 0.7076372E+02
  22 0.7065422E+02
  58 0.7026410E+02
  99 0.7004851E+02
  16 0.7043682E+02
  44 0.7066409E+02
  74 0.7108289E+02
  45 0.7018347E+02
  95 0.7047203E+02
  86 0.6940515E+02
  83 0.6964886E+02
  48 0.6996794E+02
  28 0.6945300E+02
  87 0.7094206E+02
 107 0.6995942E+02
 113 0.7049873E+02
  89 0.7113996E+02
  18 0.7018711E+02
  68 0.7066166E+02
  77 0.7081893E+02
  69 0.6968155E+02
  10 0.6976837E+02
 121 0.7094860E+02
  92 0.7063281E+02
   5 0.7037144E+02
  51 0.7045445E+02
  90 0.6984973E+02
 109 0.6984355E+02
  88 0.7009371E+02
  93 0.7000515E+02
  42 0.7028736E+02
 120 0.6949408E+02
 116 0.6968078E+02
 124 0.7015668E+02
   1 0.6954277E+02
 101 0.6985492E+02
  63 0.6985063E+02
  49 0.7000961E+02
  16 0.7067787E+02
  11 0.6954136E+02
  89 0.6874415E+02
 107 0.7055235E+02
  72 0.7024852E+02
  74 0.6953825E+02
  84 0.6990601E+02
  17 0.6992461E+02
  75 0.6937365E+02
 126 0.6995715E+02
  92 0.3793050E+02
  37 0.7026714E+02
   3 0.7029339E+02
  65 0.6907396E+02
  89 0.7010417E+02
  95 0.7014790E+02
   3 0.5461739E+02
 115 0.7039853E+02
 112 0.7043951E+02
   1 0.7071323E+02
 109 0.7048866E+02
  63 0.7144146E+02
  74 0.7076347E+02
   5 0.6988104E+02
  11 0.7098835E+02
  84 0.7077851E+02
 101 0.7033490E+02
  65 0.6985847E+02
  89 0.7066938E+02
 124 0.6995853E+02
  72 0.6983966E+02
 115 0.6993615E+02
  89 0.1790560E+02
  17 0.7057663E+02
   1 0.7055313E+02
 101 0.5562740E+02
  95 0.7052537E+02
  51 0.7007549E+02
   1 0.5606825E+02
 112 0.7076888E+02
 126 0.7015368E+02
  95 0.5188253E+02
  68 0.7016948E+02
  94 0.6985699E+02
  93 0.6973998E+02
 124 0.6332777E+02
 115 0.7117701E+02
  74 0.7041964E+02
  17 0.7078752E+02
  72 0.7002717E+02
 124 0.6523784E+02
 115 0.7048833E+02
  39 0.7047563E+02
 112 0.7013292E+02
  89 0.6992339E+02
   5 0.7033451E+02
  51 0.7040172E+02
  26 0.7038794E+02
  26 0.6117406E+02
  93 0.7075747E+02
  62 0.6971443E+02
  30 0.6994429E+02
 125 0.7080048E+02
  31 0.7028141E+02
 112 0.5647121E+02
  12 0.7044154E+02
  72 0.7026729E+02
 127 0.7085354E+02
 122 0.7086487E+02
   2 0.7063371E+02
 114 0.7086898E+02
  93 0.5641331E+02
 123 0.7054164E+02
  59 0.7021021E+02
  82 0.7053943E+02
 119 0.7044396E+02
  66 0.7015375E+02
  43 0.7032419E+02
 106 0.7016574E+02
  57 0.7053189E+02
  81 0.7057357E+02
  67 0.6998430E+02
   4 0.7022135E+02
  31 0.5966628E+02
  76 0.7066811E+02
 118 0.7036328E+02
  96 0.6963390E+02
  70 0.7019332E+02
  34 0.7014817E+02
  17 0.6988848E+02
  15 0.7066772E+02
 110 0.7007104E+02
   6 0.7008729E+02
  79 0.7004147E+02
   9 0.7020928E+02
  20 0.6983750E+02
  54 0.7043563E+02
  14 0.7004849E+02
  13 0.7074113E+02
  35 0.7052729E+02
  60 0.7033867E+02
  41 0.6996476E+02
  85 0.7046250E+02
  74 0.6970880E+02
 105 0.7041757E+02
   8 0.7030876E+02
  50 0.7021160E+02
  71 0.7064116E+02
  46 0.7055961E+02
  25 0.7012091E+02
  64 0.6989401E+02
  47 0.7037203E+02
  52 0.6975786E+02
 102 0.6979766E+02
   7 0.7061024E+02
  33 0.7014504E+02
  78 0.6983955E+02
   2 0.7104798E+02
  80 0.7079322E+02
  32 0.7060976E+02
  98 0.7071710E+02
  91 0.7116520E+02
 104 0.7040777E+02
  38 0.7028325E+02
  19 0.7055315E+02
  40 0.7008657E+02
 125 0.6347621E+02
  23 0.7050644E+02
 103 0.7057297E+02
  61 0.7064084E+02
  95 0.7050810E+02
 117 0.7065553E+02
  55 0.7032014E+02
  73 0.7073794E+02
 111 0.7028771E+02
  21 0.7023318E+02
  29 0.7089978E+02
  24 0.6995059E+02
  53 0.7087614E+02
 113 0.7032144E+02
  30 0.7032460E+02
  27 0.6977663E+02
  36 0.7066829E+02
 114 0.6989612E+02
  22 0.6993063E+02
 100 0.6968573E+02
 112 0.7012566E+02
  18 0.7051788E+02
  43 0.7068896E+02
 108 0.7034710E+02
  97 0.7031491E+02
  83 0.7100242E+02
  58 0.6994617E+02
  44 0.7042637E+02
  16 0.7065753E+02
  56 0.7021667E+02
  87 0.7058586E+02
  45 0.7032012E+02
  86 0.7070434E+02
  99 0.7023208E+02
  28 0.7047868E+02
  72 0.7003789E+02
  10 0.7027223E+02
  48 0.7034850E+02
  49 0.7017206E+02
 121 0.7060889E+02
  42 0.7080626E+02
 127 0.6993368E+02
  90 0.7005273E+02
 122 0.7000730E+02
  77 0.7051502E+02
 119 0.7004657E+02
 120 0.7052922E+02
  12 0.7031574E+02
 116 0.7015298E+02
  69 0.6993473E+02
   3 0.7036848E+02
  88 0.6973898E+02
 126 0.7075946E+02
 107 0.6942920E+02
  92 0.7043914E+02
  37 0.7063302E+02
 109 0.7013518E+02
  63 0.7038026E+02
  75 0.7102177E+02
  84 0.7012515E+02
  65 0.7048119E+02
  11 0.7053628E+02
 101 0.7045239E+02
   1 0.7087771E+02
  94 0.7076948E+02
  68 0.7001869E+02
  26 0.7009920E+02
  39 0.7056264E+02
  51 0.7007353E+02
 115 0.7038810E+02
 124 0.7020322E+02
  62 0.7046938E+02
   5 0.7100661E+02
  89 0.7072319E+02
 123 0.7043483E+02
  66 0.7041036E+02
  82 0.7065096E+02
  59 0.7071051E+02
  93 0.6990701E+02
 106 0.7024242E+02
