   1 0.8383256E+02
   1 0.8263063E+02
   1 0.8347192E+02
   1 0.8325514E+02
   1 0.8383441E+02
   1 0.8283785E+02
   1 0.8390076E+02
   1 0.8355197E+02
   1 0.8333133E+02
   1 0.8368892E+02
   1 0.8316750E+02
   1 0.8313396E+02
   1 0.8350901E+02
   1 0.8293433E+02
   1 0.8425479E+02
   1 0.8348138E+02
   1 0.8245476E+02
   1 0.8238493E+02
   1 0.8249729E+02
   1 0.8388356E+02
   1 0.8367571E+02
   1 0.8332638E+02
   1 0.8218455E+02
   1 0.8290908E+02
   1 0.8336472E+02
   1 0.8324181E+02
   1 0.8384372E+02
   1 0.7602765E+02
   1 0.8363192E+02
   1 0.8262158E+02
   1 0.8306517E+02
   1 0.8455524E+02
   1 0.8312393E+02
   1 0.8387797E+02
   1 0.8342207E+02
   1 0.8312793E+02
   1 0.8377468E+02
   1 0.8333472E+02
   1 0.8322364E+02
   1 0.8371022E+02
   1 0.8290768E+02
   1 0.8307276E+02
   1 0.8336246E+02
   1 0.8367500E+02
   1 0.4976737E+02
   1 0.8397384E+02
   1 0.8386761E+02
   1 0.8344397E+02
   1 0.8344110E+02
   1 0.8331089E+02
   1 0.8380539E+02
   1 0.8010810E+02
   1 0.8322598E+02
   1 0.8315926E+02
   1 0.8287290E+02
   1 0.8309927E+02
   1 0.8323796E+02
   1 0.8347308E+02
   1 0.8251374E+02
   1 0.8393326E+02
   1 0.8329779E+02
   1 0.8288424E+02
   1 0.8284208E+02
   1 0.8266023E+02
   1 0.8287636E+02
   1 0.8388730E+02
   1 0.8344327E+02
   1 0.6984573E+02
   1 0.8287332E+02
   1 0.8317165E+02
   1 0.8364681E+02
   1 0.8304153E+02
   1 0.8241016E+02
   1 0.8302862E+02
   1 0.8314742E+02
   1 0.8323998E+02
   1 0.8265371E+02
   1 0.8312260E+02
   1 0.8282476E+02
   1 0.8327093E+02
   1 0.8328088E+02
   1 0.5751290E+02
   1 0.8254764E+02
   1 0.8269334E+02
   1 0.8265786E+02
   1 0.8273347E+02
   1 0.8374176E+02
   1 0.8398010E+02
   1 0.8309490E+02
   1 0.8420052E+02
   1 0.8349401E+02
   1 0.8336197E+02
   1 0.8333686E+02
   1 0.8272216E+02
   1 0.8346973E+02
   1 0.8276590E+02
   1 0.8296897E+02
   1 0.8287786E+02
   1 0.6620349E+02
   1 0.6128987E+02
   1 0.8311375E+02
   1 0.8317529E+02
   1 0.8281702E+02
   1 0.8338923E+02
   1 0.8317622E+02
   1 0.8339211E+02
   1 0.6887899E+02
   1 0.8353243E+02
   1 0.8260744E+02
   1 0.8383523E+02
   1 0.8305820E+02
   1 0.8315397E+02
   1 0.4767931E+02
   1 0.8380857E+02
   1 0.8355103E+02
   1 0.7880428E+02
   1 0.8305015E+02
   1 0.8355900E+02
   1 0.8360270E+02
   1 0.8375653E+02
   1 0.8361683E+02
   1 0.8258855E+02
   1 0.4683958E+02
   1 0.8371909E+02
   1 0.8290559E+02
   1 0.8346633E+02
   1 0.8356845E+02
   1 0.8330623E+02
   1 0.8310977E+02
   1 0.8366432E+02
   1 0.6908796E+02
   1 0.8382605E+02
   1 0.6721250E+02
   1 0.8280985E+02
   1 0.8393711E+02
   1 0.8426042E+02
   1 0.8250090E+02
   1 0.8308737E+02
   1 0.8358679E+02
   1 0.8364462E+02
   1 0.8107974E+02
   1 0.8249505E+02
   1 0.8428489E+02
   1 0.8289602E+02
   1 0.8334054E+02
   1 0.8339701E+02
   1 0.5924730E+02
   1 0.8319211E+02
   1 0.8352435E+02
   1 0.8356672E+02
   1 0.8375365E+02
   1 0.7568010E+02
   1 0.8265051E+02
   1 0.8351433E+02
   1 0.8319743E+02
   1 0.8308912E+02
   1 0.8317598E+02
   1 0.8348425E+02
   1 0.8263452E+02
   1 0.8324489E+02
   1 0.8323681E+02
   1 0.8305333E+02
   1 0.8374760E+02
   1 0.8312095E+02
   1 0.3176733E+02
   1 0.8121910E+02
   1 0.8277223E+02
   1 0.8306200E+02
   1 0.7825929E+02
   1 0.8262926E+02
   1 0.8304515E+02
   1 0.8245559E+02
   1 0.8352230E+02
   1 0.8290626E+02
   1 0.8417914E+02
   1 0.8307941E+02
   1 0.8300525E+02
   1 0.8325847E+02
   1 0.8171781E+02
   1 0.8274023E+02
   1 0.8328328E+02
   1 0.8306918E+02
   1 0.8298660E+02
   1 0.8368088E+02
   1 0.8333089E+02
   1 0.8307410E+02
   1 0.8322197E+02
   1 0.8338188E+02
   1 0.8391556E+02
   1 0.8355697E+02
   1 0.8307928E+02
   1 0.8288287E+02
   1 0.8420026E+02
   1 0.8380312E+02
   1 0.8359416E+02
   1 0.8303804E+02
   1 0.8293571E+02
   1 0.8317959E+02
   1 0.8402817E+02
   1 0.8297514E+02
   1 0.8322148E+02
   1 0.8364635E+02
   1 0.8351938E+02
   1 0.8441860E+02
   1 0.8312191E+02
   1 0.8331812E+02
   1 0.8295048E+02
   1 0.8275949E+02
   1 0.8347267E+02
   1 0.8352790E+02
   1 0.8359367E+02
   1 0.8373949E+02
   1 0.8318575E+02
   1 0.8310612E+02
   1 0.8287231E+02
   1 0.8341391E+02
   1 0.8373306E+02
   1 0.8347711E+02
   1 0.8295231E+02
   1 0.8313904E+02
   1 0.8359993E+02
   1 0.8411201E+02
   1 0.8344989E+02
   1 0.8275045E+02
   1 0.8330312E+02
   1 0.8317846E+02
   1 0.8327800E+02
   1 0.8320846E+02
   1 0.8329484E+02
   1 0.8344613E+02
   1 0.8329972E+02
   1 0.8365950E+02
   1 0.8291615E+02
   1 0.8321347E+02
   1 0.8296355E+02
   1 0.6408310E+02
   1 0.8376559E+02
   1 0.8334711E+02
   1 0.8359524E+02
   1 0.8335806E+02
   1 0.8361802E+02
   1 0.8336811E+02
   1 0.8353984E+02
   1 0.8307266E+02
   1 0.8303202E+02
   1 0.8304532E+02
   1 0.8328813E+02
   1 0.8369202E+02
   1 0.8339052E+02
   1 0.8293420E+02
   1 0.7999503E+02
   1 0.8364789E+02
   1 0.8309504E+02
   1 0.8303152E+02
   1 0.7471716E+02
   1 0.8324087E+02
   1 0.8325548E+02
   1 0.8289409E+02
   1 0.8271198E+02
   1 0.8335453E+02
   1 0.8306128E+02
   1 0.8262198E+02
   1 0.8347792E+02
   1 0.8307008E+02
   1 0.8302969E+02
   1 0.8388848E+02
   1 0.8383440E+02
   1 0.8309796E+02
   1 0.8295207E+02
   1 0.8310266E+02
   1 0.8298151E+02
   1 0.8272407E+02
   1 0.8319273E+02
   1 0.8254586E+02
   1 0.8379836E+02
   1 0.8342641E+02
   1 0.8354818E+02
   1 0.8348262E+02
   1 0.8307184E+02
   1 0.8290716E+02
   1 0.8298565E+02
   1 0.8360060E+02
   1 0.8351578E+02
   1 0.8253414E+02
   1 0.8327569E+02
   1 0.8306003E+02
   1 0.8282228E+02
   1 0.8362212E+02
   1 0.8268505E+02
   1 0.8342249E+02
   1 0.8332378E+02
   1 0.5066092E+02
   1 0.8276267E+02
   1 0.8361123E+02
   1 0.8363427E+02
   1 0.8378271E+02
   1 0.8267121E+02
   1 0.8347943E+02
   1 0.8323342E+02
   1 0.8253522E+02
   1 0.8325522E+02
   1 0.8349663E+02
   1 0.5476814E+02
   1 0.8382528E+02
   1 0.8246381E+02
   1 0.8333404E+02
   1 0.8331412E+02
   1 0.8392837E+02
   1 0.8341517E+02
   1 0.4883216E+02
   1 0.8362387E+02
   1 0.8326928E+02
   1 0.8307177E+02
   1 0.8299750E+02
   1 0.8316477E+02
   1 0.8279203E+02
   1 0.5653914E+02
   1 0.8292076E+02
   1 0.8284426E+02
   1 0.8413571E+02
   1 0.8355216E+02
   1 0.8344316E+02
   1 0.8298298E+02
   1 0.8277794E+02
   1 0.8346494E+02
   1 0.8395267E+02
   1 0.8303531E+02
   1 0.8307135E+02
   1 0.8300944E+02
   1 0.8303298E+02
   1 0.8387519E+02
   1 0.8364604E+02
   1 0.8353202E+02
   1 0.7844635E+02
   1 0.8358305E+02
   1 0.8384615E+02
   1 0.8372925E+02
   1 0.8332728E+02
   1 0.4859304E+02
   1 0.8272127E+02
   1 0.8321550E+02
   1 0.1452927E+02
   1 0.8318110E+02
   1 0.8359997E+02
   1 0.4542268E+02
   1 0.8294342E+02
   1 0.4704057E+02
   1 0.8346393E+02
   1 0.8389408E+02
   1 0.8347393E+02
   1 0.8349293E+02
   1 0.8376183E+02
   1 0.8364567E+02
   1 0.8293700E+02
   1 0.8261729E+02
   1 0.8339229E+02
   1 0.8320969E+02
   1 0.8319992E+02
   1 0.8295917E+02
   1 0.8328711E+02
   1 0.8286450E+02
   1 0.8355781E+02
   1 0.8322512E+02
   1 0.8352068E+02
   1 0.8361123E+02
   1 0.8325537E+02
   1 0.8311326E+02
   1 0.8321650E+02
   1 0.8223287E+02
   1 0.8352110E+02
   1 0.8345055E+02
   1 0.8377780E+02
   1 0.8390298E+02
   1 0.8348346E+02
   1 0.8242216E+02
   1 0.7853235E+02
   1 0.8375699E+02
   1 0.8385798E+02
   1 0.8379699E+02
   1 0.8323430E+02
   1 0.8295998E+02
   1 0.8327514E+02
   1 0.8379926E+02
   1 0.8368178E+02
   1 0.8357046E+02
   1 0.8431796E+02
   1 0.8343035E+02
   1 0.8289900E+02
   1 0.8322066E+02
   1 0.8309517E+02
   1 0.8245589E+02
   1 0.8386818E+02
   1 0.8320838E+02
   1 0.8352572E+02
   1 0.8309120E+02
   1 0.8302802E+02
   1 0.8343980E+02
   1 0.8377890E+02
   1 0.8325669E+02
   1 0.1743333E+02
   1 0.8324883E+02
   1 0.8345259E+02
   1 0.8359979E+02
   1 0.8330554E+02
   1 0.5307620E+02
   1 0.8335288E+02
   1 0.8355744E+02
   1 0.8357620E+02
   1 0.8099527E+02
   1 0.6577884E+02
   1 0.8351225E+02
   1 0.8355758E+02
   1 0.8296583E+02
   1 0.8277781E+02
   1 0.8329777E+02
   1 0.8358818E+02
   1 0.8350658E+02
   1 0.8366250E+02
   1 0.8353464E+02
   1 0.8351998E+02
   1 0.8397669E+02
   1 0.8287138E+02
   1 0.8300847E+02
   1 0.8245925E+02
   1 0.8318905E+02
   1 0.8285192E+02
   1 0.8368709E+02
   1 0.8409991E+02
   1 0.8347922E+02
   1 0.8297047E+02
   1 0.8395407E+02
   1 0.8374002E+02
   1 0.8309040E+02
   1 0.8258798E+02
   1 0.8320755E+02
   1 0.8324048E+02
   1 0.8252206E+02
   1 0.8315626E+02
   1 0.8361294E+02
   1 0.8246693E+02
   1 0.8354488E+02
   1 0.6977214E+02
   1 0.8354703E+02
   1 0.8375128E+02
   1 0.8425203E+02
   1 0.5856212E+02
   1 0.8337319E+02
   1 0.8338051E+02
   1 0.5390800E+02
   1 0.8301976E+02
   1 0.8228577E+02
   1 0.8271620E+02
   1 0.8390033E+02
   1 0.8302105E+02
   1 0.8393542E+02
   1 0.8344879E+02
   1 0.8321249E+02
   1 0.8294884E+02
   1 0.8311535E+02
   1 0.8345865E+02
   1 0.8298332E+02
   1 0.8356378E+02
   1 0.8360023E+02
   1 0.8290352E+02
   1 0.8356965E+02
   1 0.8392513E+02
   1 0.8380096E+02
   1 0.8368373E+02
   1 0.1325845E+02
   1 0.8357784E+02
   1 0.8343730E+02
   1 0.8378744E+02
   1 0.8336197E+02
   1 0.8274011E+02
   1 0.8343876E+02
   1 0.8377113E+02
   1 0.8288801E+02
   1 0.8411045E+02
   1 0.8335223E+02
   1 0.8342400E+02
   1 0.6784174E+02
   1 0.8309641E+02
   1 0.8335807E+02
   1 0.5373611E+02
   1 0.8314111E+02
   1 0.8398616E+02
   1 0.8321103E+02
   1 0.8316074E+02
   1 0.8337602E+02
   1 0.8345564E+02
   1 0.8356939E+02
   1 0.8316124E+02
   1 0.8403092E+02
   1 0.8258807E+02
   1 0.2925066E+02
   1 0.8327517E+02
   1 0.8375159E+02
   1 0.8428382E+02
   1 0.8321879E+02
   1 0.8364811E+02
   1 0.8332318E+02
   1 0.8286225E+02
   1 0.6395313E+02
   1 0.8335270E+02
   1 0.8428893E+02
   1 0.8365254E+02
   1 0.8282733E+02
   1 0.8342114E+02
   1 0.8286606E+02
   1 0.8307873E+02
   1 0.8298244E+02
   1 0.5892934E+02
   3 0.8264783E+02
   2 0.8292018E+02
   3 0.8401325E+02
   1 0.8352137E+02
   2 0.8324851E+02
   2 0.8379207E+02
   2 0.8365841E+02
   3 0.8291736E+02
   3 0.8364690E+02
   3 0.8357777E+02
   2 0.8313788E+02
   1 0.8339054E+02
   2 0.4680389E+02
   3 0.8320500E+02
   3 0.8360445E+02
   1 0.8302491E+02
   2 0.8333269E+02
   1 0.8349082E+02
   3 0.8292536E+02
   3 0.8326915E+02
   3 0.8368778E+02
   3 0.8386791E+02
   3 0.8324770E+02
   2 0.8366466E+02
   1 0.8340296E+02
   2 0.8403161E+02
   3 0.8236160E+02
   2 0.8381122E+02
   1 0.8246828E+02
   3 0.8271641E+02
   3 0.8267544E+02
   2 0.8370028E+02
   1 0.8362487E+02
   3 0.8342702E+02
   3 0.8252829E+02
   3 0.8328682E+02
   2 0.8294912E+02
   3 0.8348458E+02
   3 0.8341235E+02
   1 0.8325878E+02
   3 0.8251849E+02
   3 0.8351460E+02
   2 0.8290049E+02
   3 0.8374546E+02
   1 0.8350226E+02
   3 0.8318424E+02
   3 0.8414394E+02
   1 0.8293966E+02
   2 0.8368946E+02
   2 0.8351528E+02
   2 0.8354641E+02
   3 0.8329249E+02
   2 0.8293211E+02
   1 0.8336255E+02
   3 0.8331686E+02
   2 0.8330035E+02
   1 0.8298974E+02
   3 0.8358187E+02
   3 0.6006663E+02
   3 0.8338485E+02
   3 0.8311425E+02
   3 0.8396476E+02
   2 0.8342609E+02
   3 0.8313607E+02
   1 0.8327813E+02
   2 0.8278622E+02
   1 0.7442103E+02
   2 0.8258572E+02
   1 0.8273249E+02
   2 0.8357658E+02
   3 0.8353153E+02
   1 0.8340454E+02
   2 0.8301824E+02
   1 0.8340568E+02
   3 0.8286069E+02
   2 0.8302648E+02
   1 0.8305503E+02
   1 0.8285400E+02
   1 0.8417792E+02
   1 0.8365571E+02
   3 0.8289260E+02
   1 0.8351532E+02
   2 0.8364878E+02
   3 0.8408309E+02
   1 0.8385241E+02
   2 0.8178894E+02
   1 0.8253502E+02
   3 0.8241488E+02
   3 0.8320317E+02
   3 0.8315275E+02
   3 0.8325776E+02
   2 0.8397675E+02
   1 0.8378809E+02
   2 0.8294790E+02
   1 0.8239148E+02
   1 0.8239598E+02
   3 0.8329308E+02
   1 0.8291024E+02
   2 0.8410369E+02
   1 0.8295064E+02
   2 0.3148069E+02
   2 0.8407872E+02
   1 0.8393491E+02
   3 0.8335194E+02
   2 0.8279006E+02
   1 0.8337224E+02
   1 0.8382753E+02
   3 0.8308756E+02
   1 0.8331448E+02
   2 0.8314987E+02
   1 0.8371162E+02
   3 0.8296166E+02
   1 0.8437422E+02
   2 0.8275490E+02
   3 0.8314322E+02
   3 0.8371242E+02
   3 0.8304022E+02
   3 0.5070903E+02
   3 0.8346279E+02
   3 0.8314554E+02
   1 0.8320869E+02
   2 0.8363677E+02
   3 0.8198747E+02
   1 0.8360845E+02
   3 0.8354009E+02
   3 0.8357287E+02
   2 0.8381326E+02
   2 0.6722947E+02
   1 0.8343736E+02
   1 0.8339380E+02
   3 0.8306732E+02
   2 0.8390486E+02
   2 0.8295306E+02
   1 0.8338006E+02
   3 0.8345202E+02
   3 0.8334214E+02
   1 0.8326127E+02
   3 0.8288196E+02
   1 0.8402423E+02
   2 0.8387843E+02
   1 0.8300293E+02
   2 0.8378806E+02
   3 0.8348676E+02
   3 0.8278599E+02
   1 0.8353823E+02
   2 0.8330530E+02
   1 0.8311715E+02
   2 0.8299962E+02
   1 0.8315572E+02
   2 0.8253319E+02
   3 0.8328868E+02
   1 0.8296936E+02
   3 0.8311466E+02
   3 0.8308599E+02
   2 0.8346010E+02
   1 0.8323587E+02
   3 0.8335860E+02
   3 0.7580094E+02
   3 0.7100579E+02
   3 0.6925278E+02
   2 0.8329057E+02
   2 0.8390854E+02
   3 0.8309421E+02
   2 0.6437124E+02
   1 0.8353103E+02
   2 0.8262390E+02
   2 0.8416304E+02
   3 0.8320146E+02
   2 0.8325610E+02
   1 0.8303745E+02
   2 0.8347207E+02
   1 0.2851629E+02
   2 0.7914950E+02
   2 0.8305138E+02
   3 0.8341444E+02
   1 0.8298374E+02
   1 0.8361348E+02
   2 0.8396990E+02
   3 0.8345800E+02
   2 0.8362478E+02
   3 0.8373973E+02
   3 0.8388693E+02
   2 0.8293126E+02
   3 0.8428740E+02
   1 0.8334550E+02
   2 0.4423520E+02
   3 0.8355005E+02
   1 0.8332968E+02
   2 0.8268623E+02
   3 0.8334438E+02
   1 0.8352118E+02
   2 0.8310725E+02
   1 0.8312744E+02
   2 0.8235628E+02
   2 0.8371537E+02
   3 0.8340789E+02
   1 0.8293133E+02
   2 0.8339806E+02
   3 0.8357154E+02
   2 0.8292816E+02
   1 0.8346452E+02
   1 0.8290057E+02
   1 0.8264592E+02
   3 0.8365834E+02
   2 0.8351890E+02
   3 0.8363520E+02
   2 0.8397184E+02
   3 0.8419337E+02
   2 0.8385428E+02
   2 0.8302374E+02
   2 0.8388221E+02
   1 0.8290154E+02
   1 0.8281639E+02
   3 0.8309980E+02
   1 0.8292482E+02
   3 0.8405941E+02
   1 0.8304725E+02
   2 0.8318362E+02
   3 0.8322613E+02
   2 0.8251123E+02
   3 0.8261179E+02
   2 0.8390097E+02
   1 0.8345835E+02
   3 0.8352766E+02
   2 0.8350168E+02
   2 0.7840279E+02
   1 0.8309805E+02
   3 0.8316807E+02
   3 0.8432642E+02
   2 0.8401847E+02
   1 0.8394605E+02
   3 0.8310162E+02
   2 0.8317850E+02
   3 0.8316872E+02
   2 0.8346043E+02
   1 0.8362963E+02
   2 0.8351697E+02
   3 0.8021511E+02
   2 0.7587394E+02
   3 0.8347963E+02
   3 0.8367091E+02
   1 0.8357784E+02
   1 0.8247828E+02
   2 0.8291130E+02
   1 0.8317317E+02
   2 0.8219073E+02
   3 0.8337874E+02
   1 0.8326268E+02
   2 0.8318681E+02
   3 0.8308964E+02
   3 0.8294589E+02
   1 0.8356874E+02
   2 0.8333589E+02
   3 0.8364680E+02
   3 0.8334022E+02
   1 0.8323774E+02
   3 0.8353643E+02
   1 0.8311437E+02
   1 0.8230391E+02
   2 0.8351173E+02
   3 0.8304668E+02
   1 0.8286089E+02
   3 0.8327841E+02
   1 0.8353204E+02
   3 0.8209860E+02
   3 0.8342603E+02
   1 0.8315144E+02
   3 0.5828191E+02
   2 0.8331043E+02
   2 0.8362166E+02
   2 0.8267376E+02
   1 0.8361400E+02
   3 0.8348849E+02
   1 0.8247990E+02
   1 0.8320038E+02
   2 0.8352915E+02
   3 0.8349990E+02
   3 0.8388579E+02
   1 0.8348189E+02
   1 0.8347453E+02
   2 0.8323073E+02
   1 0.4387829E+02
   1 0.8329040E+02
   3 0.8315583E+02
   2 0.8330569E+02
   2 0.8387043E+02
   2 0.8335906E+02
   1 0.8360347E+02
   3 0.8300383E+02
   2 0.8275825E+02
   1 0.8330599E+02
   3 0.8357491E+02
   1 0.8301773E+02
   2 0.8348683E+02
   3 0.8342829E+02
   3 0.8306232E+02
   1 0.8288416E+02
   3 0.8271723E+02
   1 0.8380774E+02
   3 0.8312498E+02
   2 0.8349986E+02
   1 0.8293656E+02
   3 0.8359929E+02
   2 0.8325787E+02
   2 0.4933489E+02
   1 0.8324216E+02
   2 0.8392384E+02
   1 0.8340682E+02
   3 0.8358835E+02
   3 0.3855694E+02
   2 0.8348750E+02
   1 0.8388383E+02
   2 0.8398603E+02
   1 0.8331422E+02
   2 0.5488497E+02
   3 0.8325162E+02
   2 0.8285156E+02
   3 0.8253938E+02
   3 0.7549779E+02
   2 0.8367856E+02
   2 0.8364413E+02
   1 0.8316835E+02
   1 0.8305513E+02
   3 0.8358058E+02
   1 0.8380973E+02
   3 0.8395297E+02
   1 0.8385404E+02
   2 0.8323053E+02
   2 0.8333724E+02
   2 0.8306692E+02
   3 0.8341472E+02
   3 0.7364959E+02
   1 0.8348293E+02
   1 0.8406645E+02
   2 0.8339901E+02
   3 0.8326107E+02
   1 0.8316623E+02
   2 0.8340890E+02
   2 0.8371627E+02
   2 0.8332958E+02
   3 0.8318690E+02
   2 0.8337102E+02
   3 0.8341203E+02
   1 0.8323093E+02
   3 0.8227537E+02
   1 0.8267210E+02
   3 0.8335291E+02
   1 0.8383316E+02
   3 0.8360864E+02
   2 0.8360164E+02
   3 0.8345775E+02
   2 0.8327566E+02
   3 0.8358643E+02
   3 0.1971128E+02
   1 0.8346916E+02
   1 0.8328851E+02
   2 0.8347655E+02
   2 0.4083326E+02
   3 0.8364869E+02
   2 0.8263271E+02
   3 0.8252186E+02
   2 0.8321145E+02
   1 0.8378436E+02
   1 0.8274010E+02
   1 0.8300919E+02
   1 0.3677826E+02
   1 0.8379071E+02
   3 0.8352586E+02
   2 0.8282631E+02
   3 0.8353208E+02
   3 0.8353287E+02
   1 0.8369708E+02
   2 0.8302030E+02
   3 0.8394394E+02
   2 0.8265969E+02
   2 0.8368281E+02
   2 0.8394439E+02
   3 0.8280546E+02
   1 0.8277276E+02
   3 0.8274985E+02
   1 0.8311120E+02
   3 0.8333600E+02
   1 0.8317285E+02
   2 0.8320598E+02
   2 0.8289436E+02
   3 0.8354244E+02
   1 0.8339492E+02
   3 0.8428337E+02
   3 0.8331971E+02
   2 0.8312551E+02
   1 0.8329818E+02
   1 0.8287738E+02
   3 0.8298625E+02
   2 0.8398780E+02
   3 0.8338671E+02
   2 0.8352117E+02
   3 0.8334430E+02
   2 0.8312642E+02
   3 0.8262895E+02
   3 0.1736084E+02
   1 0.8318680E+02
   1 0.8384904E+02
   3 0.8262955E+02
   1 0.8282507E+02
   2 0.8359664E+02
   2 0.8380783E+02
   2 0.8298803E+02
   2 0.8279205E+02
   3 0.8375383E+02
   2 0.8322312E+02
   1 0.8351201E+02
   3 0.8364481E+02
   2 0.8365970E+02
   3 0.8291520E+02
   1 0.8358949E+02
   2 0.8242924E+02
   2 0.8284970E+02
   1 0.8311049E+02
   3 0.8332704E+02
   3 0.8296479E+02
   2 0.8331530E+02
   1 0.8311880E+02
   3 0.8313285E+02
   2 0.8290136E+02
   1 0.8358839E+02
   3 0.8311254E+02
   2 0.8302736E+02
   3 0.8327894E+02
   2 0.8355601E+02
   2 0.8375583E+02
   2 0.8322897E+02
   1 0.8319391E+02
   1 0.6745400E+02
   2 0.8370603E+02
   1 0.8375779E+02
   3 0.8367763E+02
   3 0.8330894E+02
   3 0.8202219E+02
   2 0.8296890E+02
   2 0.8261594E+02
   1 0.8285388E+02
   3 0.8350151E+02
   2 0.8350176E+02
   1 0.8328890E+02
   2 0.8417395E+02
   1 0.8315740E+02
   3 0.8351740E+02
   1 0.8330655E+02
   1 0.8413238E+02
   3 0.8290250E+02
   3 0.8377715E+02
   1 0.8356544E+02
   2 0.8345266E+02
   2 0.8355720E+02
   3 0.8276468E+02
   1 0.8308788E+02
   3 0.8262949E+02
   1 0.8271017E+02
   1 0.5799955E+02
   2 0.8304676E+02
   3 0.8335618E+02
   1 0.8307211E+02
   2 0.8386756E+02
   1 0.8220757E+02
   3 0.8300072E+02
   2 0.8333350E+02
   1 0.8307437E+02
   1 0.8375094E+02
   3 0.8314383E+02
   3 0.8293500E+02
   1 0.8271450E+02
   2 0.8277721E+02
   2 0.8307543E+02
   1 0.8314888E+02
   2 0.8327882E+02
   1 0.8292885E+02
   3 0.8283749E+02
   3 0.8357230E+02
   3 0.8315931E+02
   2 0.8361665E+02
   3 0.8323179E+02
   2 0.8316741E+02
   1 0.8277795E+02
   2 0.8338408E+02
   3 0.8209577E+02
   1 0.8380867E+02
   3 0.8316613E+02
   2 0.8337901E+02
   2 0.8303795E+02
   1 0.8370309E+02
   3 0.8354581E+02
   1 0.8346984E+02
   1 0.8372628E+02
   2 0.8374085E+02
   2 0.8360535E+02
   1 0.8324942E+02
   2 0.8298129E+02
   3 0.8296305E+02
   2 0.8351954E+02
   1 0.8296335E+02
   3 0.8320048E+02
   3 0.8407586E+02
   2 0.8323204E+02
   2 0.8262764E+02
   1 0.8314785E+02
   2 0.2983792E+02
   1 0.8354548E+02
   2 0.8294128E+02
   2 0.8353138E+02
   3 0.8327203E+02
   2 0.8294631E+02
   1 0.8293056E+02
   4 0.3777221E+02
   6 0.8377357E+02
   3 0.8403382E+02
   5 0.8381254E+02
   4 0.8289043E+02
   1 0.8329285E+02
   2 0.8346935E+02
   7 0.8364235E+02
   1 0.7373592E+02
   6 0.8356876E+02
   1 0.8374410E+02
   3 0.8299605E+02
   5 0.8316303E+02
   4 0.8321463E+02
   7 0.8235516E+02
   4 0.5966652E+02
   2 0.8278190E+02
   7 0.8293551E+02
   3 0.8247654E+02
   3 0.5192007E+02
   6 0.8221185E+02
   2 0.8322591E+02
   6 0.8304908E+02
   3 0.8271047E+02
   1 0.8375983E+02
   7 0.8372934E+02
   6 0.8366409E+02
   5 0.8330689E+02
   4 0.8297907E+02
   3 0.8296874E+02
   2 0.8325836E+02
   3 0.8224409E+02
   5 0.8427448E+02
   2 0.8278582E+02
   6 0.8338255E+02
   2 0.8347649E+02
   6 0.8267113E+02
   5 0.8209074E+02
   2 0.8318912E+02
   1 0.8322376E+02
   7 0.8338239E+02
   1 0.8271198E+02
   4 0.8366880E+02
   5 0.8331793E+02
   3 0.8318237E+02
   4 0.8402687E+02
   4 0.8240404E+02
   6 0.8307681E+02
   2 0.8308862E+02
   4 0.8330388E+02
   7 0.8356276E+02
   6 0.8237350E+02
   1 0.8291957E+02
   5 0.8367146E+02
   3 0.8352821E+02
   6 0.8345592E+02
   7 0.8233760E+02
   1 0.8331706E+02
   3 0.8352904E+02
   2 0.8370970E+02
   1 0.8404267E+02
   4 0.8326120E+02
   2 0.8361745E+02
   2 0.8361413E+02
   5 0.8286851E+02
   5 0.8373313E+02
   6 0.8305427E+02
   7 0.8316971E+02
   3 0.8322214E+02
   1 0.8415678E+02
   3 0.8352907E+02
   4 0.8307587E+02
   5 0.8352941E+02
   3 0.8377711E+02
   1 0.8377842E+02
   5 0.8358380E+02
   2 0.8283897E+02
   3 0.8331085E+02
   2 0.7976749E+02
   5 0.2377977E+02
   6 0.8365211E+02
   7 0.8305553E+02
   3 0.8298584E+02
   5 0.8239923E+02
   7 0.5144936E+02
   3 0.8284593E+02
   4 0.8376061E+02
   3 0.4016471E+02
   1 0.8344822E+02
   4 0.8278464E+02
   3 0.8322526E+02
   2 0.8287867E+02
   2 0.8267586E+02
   6 0.8329397E+02
   1 0.8340604E+02
   5 0.8333549E+02
   7 0.8345744E+02
   6 0.8295903E+02
   6 0.8376177E+02
   4 0.8407979E+02
   3 0.8346379E+02
   2 0.8376180E+02
   4 0.8278847E+02
   1 0.8330280E+02
   5 0.8275874E+02
   7 0.8308041E+02
   5 0.2333014E+02
   2 0.8272749E+02
   5 0.8390618E+02
   6 0.8416389E+02
   3 0.8337079E+02
   1 0.8288598E+02
   6 0.8275489E+02
   2 0.8304181E+02
   1 0.8325591E+02
   4 0.8305870E+02
   7 0.8352963E+02
   4 0.8307770E+02
   1 0.8357355E+02
   5 0.8394842E+02
   4 0.8347685E+02
   3 0.8304557E+02
   4 0.8308139E+02
   6 0.8373117E+02
   2 0.8373806E+02
   3 0.8317908E+02
   4 0.8394959E+02
   5 0.8282147E+02
   3 0.8358362E+02
   2 0.8386062E+02
   3 0.5752651E+02
   7 0.8337065E+02
   6 0.8342764E+02
   1 0.8263513E+02
   4 0.8359192E+02
   5 0.8313571E+02
   7 0.4430081E+02
   2 0.8316874E+02
   7 0.8250456E+02
   6 0.8289442E+02
   5 0.8342854E+02
   5 0.8391007E+02
   5 0.8369724E+02
   6 0.8305584E+02
   7 0.8312013E+02
   3 0.8343390E+02
   1 0.8335647E+02
   6 0.8348331E+02
   4 0.8312720E+02
   5 0.8349058E+02
   4 0.7261024E+02
   5 0.6985955E+02
   2 0.8300400E+02
   1 0.8380428E+02
   2 0.7531099E+02
   4 0.8322188E+02
   1 0.8315220E+02
   5 0.8255489E+02
   7 0.8327633E+02
   3 0.8321155E+02
   1 0.8358732E+02
   7 0.6541299E+02
   6 0.8351236E+02
   3 0.8380582E+02
   1 0.8306021E+02
   7 0.8384831E+02
   2 0.8366366E+02
   4 0.8343061E+02
   3 0.8236343E+02
   6 0.8282724E+02
   5 0.8313732E+02
   4 0.8349017E+02
   3 0.8267682E+02
   7 0.8306763E+02
   6 0.8320103E+02
   5 0.8345052E+02
   6 0.2283749E+02
   1 0.8295370E+02
   4 0.8307912E+02
   1 0.5433843E+02
   3 0.8299751E+02
   5 0.8255310E+02
   2 0.8298765E+02
   1 0.8289342E+02
   6 0.8342509E+02
   1 0.8321992E+02
   7 0.8342316E+02
   3 0.8343349E+02
   6 0.8298500E+02
   3 0.8409038E+02
   6 0.8281761E+02
   4 0.8303002E+02
   4 0.6000200E+02
   5 0.8300352E+02
   2 0.8281780E+02
   6 0.8225421E+02
   2 0.5539925E+02
   4 0.8356560E+02
   7 0.8332202E+02
   1 0.8310846E+02
   6 0.8284917E+02
   3 0.8325966E+02
   6 0.8392076E+02
   2 0.8274219E+02
   1 0.8337735E+02
   1 0.6226881E+02
   3 0.8288338E+02
   7 0.8250836E+02
   5 0.8370765E+02
   1 0.8361221E+02
   4 0.8339953E+02
   3 0.8377939E+02
   1 0.8390929E+02
   1 0.8366625E+02
   6 0.8336493E+02
   1 0.8416402E+02
   2 0.8324310E+02
   6 0.8393703E+02
   2 0.3178066E+02
   7 0.8338204E+02
   6 0.8388133E+02
   5 0.8327012E+02
   1 0.8286311E+02
   2 0.8289095E+02
   1 0.4197921E+02
   4 0.8280321E+02
   3 0.8329955E+02
   7 0.8293739E+02
   3 0.8382048E+02
   1 0.8283005E+02
   7 0.8286453E+02
   1 0.8383555E+02
   1 0.8337269E+02
   6 0.8390470E+02
   5 0.8360307E+02
   6 0.8309503E+02
   2 0.8331739E+02
   4 0.8326826E+02
   6 0.8361298E+02
   5 0.8289530E+02
   2 0.8385430E+02
   3 0.8345203E+02
   7 0.8326821E+02
   4 0.8351105E+02
   2 0.8324284E+02
   6 0.8254594E+02
   7 0.8431622E+02
   1 0.8323399E+02
   5 0.8294257E+02
   4 0.8368355E+02
   7 0.8277026E+02
   3 0.8318884E+02
   1 0.8321039E+02
   4 0.6027445E+02
   3 0.8443600E+02
   7 0.8378368E+02
   4 0.8293364E+02
   7 0.8343751E+02
   2 0.8294660E+02
   6 0.8350917E+02
   4 0.8347064E+02
   5 0.8350587E+02
   1 0.8327404E+02
   4 0.8271925E+02
   2 0.8271991E+02
   3 0.8328795E+02
   2 0.8325958E+02
   4 0.8290191E+02
   7 0.8315946E+02
   1 0.8242548E+02
   6 0.8336787E+02
   1 0.8320515E+02
   1 0.1442707E+02
   4 0.8364624E+02
   5 0.8369277E+02
   7 0.8327853E+02
   7 0.8384793E+02
   3 0.8313857E+02
   5 0.8266906E+02
   3 0.5304348E+02
   2 0.8355748E+02
   5 0.8320502E+02
   7 0.8339982E+02
   6 0.8312462E+02
   3 0.8327015E+02
   5 0.8325328E+02
   1 0.8301112E+02
   4 0.8340100E+02
   7 0.8346912E+02
   3 0.8425466E+02
   4 0.6702353E+02
   5 0.8354045E+02
   2 0.8351901E+02
   3 0.8342232E+02
   1 0.8308144E+02
   7 0.8326715E+02
   4 0.8390605E+02
   3 0.8337549E+02
   5 0.8287786E+02
   6 0.8379565E+02
   4 0.8366652E+02
   5 0.8328123E+02
   4 0.8354597E+02
   2 0.8315442E+02
   6 0.8284965E+02
   4 0.8340194E+02
   5 0.8328625E+02
   2 0.8409214E+02
   1 0.8348179E+02
   7 0.8348548E+02
   6 0.8276096E+02
   5 0.8356521E+02
   1 0.8094560E+02
   3 0.8310536E+02
   2 0.8336656E+02
   6 0.8367488E+02
   1 0.8278749E+02
   4 0.8336629E+02
   1 0.8411856E+02
   2 0.8296868E+02
   1 0.8244167E+02
   7 0.8340307E+02
   1 0.7318335E+02
   5 0.8378727E+02
   3 0.8346887E+02
   5 0.6123944E+02
   7 0.8351545E+02
   6 0.8326987E+02
   7 0.8444234E+02
   1 0.8285415E+02
   4 0.8341541E+02
   2 0.8300893E+02
   7 0.8320888E+02
   4 0.8351313E+02
   2 0.8283930E+02
   1 0.8274622E+02
   7 0.8368029E+02
   4 0.8388186E+02
   3 0.8356740E+02
   1 0.8342918E+02
   4 0.8392092E+02
   5 0.8378472E+02
   7 0.8260777E+02
   6 0.8373141E+02
   4 0.8374820E+02
   1 0.8276228E+02
   6 0.8334557E+02
   5 0.8231573E+02
   5 0.6747827E+02
   2 0.8345258E+02
   7 0.8315066E+02
   2 0.8335604E+02
   3 0.8321224E+02
   5 0.8311486E+02
   3 0.8225185E+02
   4 0.8340349E+02
   3 0.8340267E+02
   1 0.8361398E+02
   6 0.8336383E+02
   1 0.8329890E+02
   7 0.8327395E+02
   2 0.8283304E+02
   5 0.8362495E+02
   7 0.8312036E+02
   1 0.8333753E+02
   7 0.8365785E+02
   5 0.8297840E+02
   1 0.8385393E+02
   4 0.8375344E+02
   3 0.8339803E+02
   2 0.8285697E+02
   4 0.8354315E+02
   6 0.8296096E+02
   1 0.8312873E+02
   2 0.8352381E+02
   1 0.4561275E+02
   4 0.8168889E+02
   3 0.8294846E+02
   2 0.8379786E+02
   4 0.3431334E+02
   6 0.8345483E+02
   7 0.8327045E+02
   1 0.8284814E+02
   4 0.8354588E+02
   5 0.8310510E+02
   1 0.8363763E+02
   2 0.8232096E+02
   6 0.8240544E+02
   1 0.8303345E+02
   3 0.8323070E+02
   4 0.8234211E+02
   5 0.8320679E+02
   2 0.8309530E+02
   1 0.8310885E+02
   3 0.8347213E+02
   7 0.8335851E+02
   6 0.8339321E+02
   5 0.8310187E+02
   4 0.8328780E+02
   2 0.8370583E+02
   1 0.8387341E+02
   7 0.8339299E+02
   6 0.8295676E+02
   6 0.8326252E+02
   7 0.8289536E+02
   6 0.8286476E+02
   4 0.8405818E+02
   5 0.8407373E+02
   3 0.8331846E+02
   6 0.8278303E+02
   1 0.8313342E+02
   2 0.8270857E+02
   4 0.8395090E+02
   4 0.3307929E+02
   1 0.8364325E+02
   5 0.8292099E+02
   6 0.8354654E+02
   7 0.8348119E+02
   4 0.8356890E+02
   3 0.8297414E+02
   7 0.8350627E+02
   6 0.8312693E+02
   5 0.8292183E+02
   5 0.8399407E+02
   2 0.8376755E+02
   5 0.8293288E+02
   5 0.8297405E+02
   1 0.8318569E+02
   5 0.8347070E+02
   4 0.8332551E+02
   3 0.8338262E+02
   7 0.8334221E+02
   1 0.8300987E+02
   6 0.8283229E+02
   2 0.8353027E+02
   4 0.8322550E+02
   2 0.8407422E+02
   6 0.8194657E+02
   2 0.8289031E+02
   5 0.8333557E+02
   3 0.8336205E+02
   2 0.8282507E+02
   7 0.8332731E+02
   1 0.8348676E+02
   6 0.8288816E+02
   3 0.8379510E+02
   4 0.8332611E+02
   2 0.8343419E+02
   7 0.8283675E+02
   1 0.8281190E+02
   3 0.8378713E+02
   4 0.8399883E+02
   2 0.8267813E+02
   1 0.3070001E+02
   5 0.8282368E+02
   4 0.8315219E+02
   3 0.8339049E+02
   3 0.5433744E+02
   6 0.8318087E+02
   1 0.8256518E+02
   4 0.8313593E+02
   1 0.8268973E+02
   7 0.8353377E+02
   4 0.8330316E+02
   1 0.8376685E+02
   2 0.8364386E+02
   7 0.8246864E+02
   5 0.8317753E+02
   2 0.8387722E+02
   4 0.8334297E+02
   3 0.8284242E+02
   6 0.8328887E+02
   5 0.8226849E+02
   2 0.8320320E+02
   6 0.8297432E+02
   6 0.1858952E+02
   1 0.8404345E+02
   2 0.8360373E+02
   5 0.8306122E+02
   7 0.8309903E+02
   6 0.8330854E+02
   2 0.8279546E+02
   5 0.8294013E+02
   4 0.8260462E+02
   3 0.8321328E+02
   7 0.8371027E+02
   5 0.8279643E+02
   2 0.8258814E+02
   5 0.7002945E+02
   2 0.8414703E+02
   1 0.8355559E+02
   3 0.8281277E+02
   4 0.8254325E+02
   5 0.8293706E+02
   6 0.8285113E+02
   3 0.8309013E+02
   6 0.8392724E+02
   4 0.8264577E+02
   3 0.8358187E+02
   5 0.8282551E+02
   7 0.8308131E+02
   7 0.6938595E+02
   4 0.8383801E+02
   2 0.8363789E+02
   1 0.8310545E+02
   3 0.8273762E+02
   4 0.8262992E+02
   6 0.8319030E+02
   5 0.8307707E+02
   7 0.8343522E+02
   2 0.8302609E+02
   1 0.8302266E+02
  13 0.7948698E+02
  10 0.8249182E+02
  12 0.8415932E+02
  11 0.7671926E+02
   3 0.8341725E+02
   8 0.8335648E+02
   9 0.8322782E+02
   1 0.8290013E+02
   5 0.7976547E+02
   6 0.8315225E+02
   3 0.8426236E+02
   2 0.8333263E+02
   8 0.8391477E+02
  13 0.8261973E+02
  11 0.8321083E+02
   2 0.8324495E+02
   9 0.8322366E+02
  11 0.8259027E+02
  13 0.8311188E+02
  10 0.8377874E+02
  12 0.8311022E+02
   9 0.8340182E+02
   8 0.8307772E+02
  10 0.8218146E+02
   4 0.8348807E+02
   3 0.8311258E+02
   9 0.8382326E+02
  13 0.8356076E+02
  15 0.8360492E+02
   8 0.8244759E+02
  10 0.5346925E+02
   7 0.8376558E+02
   3 0.8308527E+02
  13 0.8391223E+02
  13 0.7784823E+02
  14 0.8315955E+02
   1 0.8305605E+02
   5 0.8348246E+02
  14 0.8299537E+02
   6 0.8358601E+02
   5 0.8358283E+02
  14 0.8309602E+02
  11 0.8339057E+02
  11 0.8336330E+02
   4 0.8394763E+02
   8 0.8334937E+02
   6 0.8373718E+02
   3 0.8386907E+02
  14 0.8278323E+02
  12 0.8353119E+02
  14 0.1736185E+02
  13 0.8362696E+02
   2 0.8368108E+02
  13 0.8400842E+02
   4 0.8365200E+02
  15 0.8324659E+02
   4 0.6922152E+02
  13 0.8350982E+02
   9 0.8309884E+02
   6 0.8285214E+02
  12 0.8359253E+02
   2 0.8330640E+02
  11 0.8283470E+02
  15 0.8285983E+02
   7 0.8338297E+02
   2 0.8461484E+02
   4 0.8272105E+02
   6 0.8318965E+02
   8 0.8426215E+02
   3 0.8332545E+02
  11 0.7624631E+02
   1 0.8360923E+02
  10 0.8295369E+02
   9 0.8292664E+02
  14 0.8351004E+02
  15 0.8267068E+02
   9 0.1605027E+02
   8 0.8251521E+02
   2 0.8325049E+02
  13 0.8320483E+02
  14 0.8363813E+02
   2 0.1408181E+02
  15 0.6728110E+02
  11 0.8339390E+02
   6 0.8354556E+02
   1 0.8324957E+02
  14 0.8337001E+02
   2 0.8399469E+02
   9 0.8347330E+02
   6 0.8418321E+02
   5 0.8324889E+02
  10 0.8279070E+02
   1 0.8321684E+02
   9 0.8392433E+02
   3 0.8386814E+02
   4 0.8348817E+02
   8 0.8290545E+02
  12 0.8361177E+02
  13 0.8401810E+02
   1 0.8343822E+02
   5 0.8283523E+02
   6 0.8377695E+02
  13 0.8302162E+02
  14 0.8350628E+02
   7 0.8331630E+02
   6 0.1705319E+02
   5 0.8373302E+02
  12 0.8306907E+02
  13 0.8294079E+02
   7 0.8339067E+02
  13 0.8438584E+02
  14 0.8312749E+02
   5 0.8288373E+02
   6 0.8356876E+02
  15 0.8385918E+02
  14 0.8166616E+02
  12 0.8263433E+02
   1 0.8273122E+02
   3 0.8321657E+02
  15 0.8285677E+02
  14 0.8327311E+02
   8 0.8337677E+02
  12 0.8271312E+02
   1 0.8334788E+02
  14 0.7787404E+02
  11 0.8387002E+02
   8 0.8339224E+02
  12 0.8383375E+02
   8 0.4847766E+02
   9 0.8334230E+02
  15 0.8349512E+02
  12 0.8368177E+02
  14 0.8346266E+02
   2 0.8306369E+02
  10 0.8391699E+02
   4 0.8336227E+02
   8 0.8319129E+02
  12 0.8368076E+02
  13 0.8300192E+02
   8 0.8356357E+02
  11 0.8255773E+02
  10 0.8290845E+02
  10 0.3756275E+02
  14 0.8287831E+02
  12 0.8308216E+02
   4 0.8355034E+02
   7 0.8314718E+02
  14 0.8329033E+02
  10 0.8313443E+02
  15 0.8310823E+02
   3 0.8337376E+02
   5 0.8316500E+02
  10 0.8384100E+02
  14 0.4153441E+02
  12 0.8298525E+02
   7 0.8390361E+02
   4 0.8332116E+02
  14 0.1274566E+02
   9 0.8351538E+02
   8 0.8322634E+02
   3 0.8338108E+02
  13 0.8344469E+02
   6 0.8321256E+02
   9 0.8336117E+02
   8 0.8378946E+02
   3 0.8301719E+02
   5 0.8390074E+02
   9 0.4931075E+02
   8 0.5996290E+02
  13 0.8364012E+02
   1 0.8351828E+02
   7 0.8342601E+02
  13 0.7140224E+02
   9 0.5601058E+02
   5 0.8339321E+02
   4 0.8262340E+02
  14 0.8290826E+02
  15 0.8328814E+02
   5 0.2707213E+02
   6 0.8381655E+02
  15 0.5407433E+02
   7 0.8245135E+02
  13 0.8328441E+02
   1 0.8372830E+02
   2 0.8312501E+02
   5 0.8345105E+02
  13 0.8374039E+02
   7 0.8401868E+02
   6 0.8379382E+02
  14 0.8345295E+02
   5 0.1874490E+02
   2 0.8391451E+02
  11 0.8293441E+02
  13 0.8278970E+02
   8 0.8340626E+02
  14 0.8295642E+02
  13 0.8402102E+02
   2 0.8338974E+02
   3 0.8355088E+02
  15 0.8324403E+02
  12 0.8333045E+02
   9 0.8323149E+02
  10 0.8329707E+02
   3 0.8381358E+02
  10 0.5429572E+02
   8 0.8370702E+02
   4 0.8339399E+02
   3 0.8342997E+02
   8 0.5643884E+02
  14 0.8335797E+02
  10 0.8258598E+02
  13 0.8304540E+02
   4 0.8336897E+02
  15 0.8308697E+02
   7 0.8315828E+02
   5 0.8330315E+02
  10 0.8316980E+02
  13 0.8268408E+02
   1 0.8366406E+02
   6 0.8356698E+02
  15 0.8313554E+02
   4 0.8253824E+02
  10 0.8294443E+02
   6 0.3240301E+02
   9 0.8389607E+02
   5 0.1812758E+02
  15 0.7457409E+02
   4 0.8454280E+02
  15 0.8425674E+02
  11 0.8349665E+02
   1 0.8354471E+02
   9 0.8351462E+02
   8 0.8291677E+02
  11 0.7338536E+02
  14 0.8331549E+02
  10 0.8331445E+02
   7 0.8295366E+02
  12 0.8329375E+02
   2 0.8292839E+02
  14 0.8329291E+02
   8 0.8350834E+02
  14 0.6208908E+02
   5 0.8291966E+02
   7 0.8274237E+02
   8 0.8294602E+02
   5 0.6696888E+02
   1 0.8295629E+02
   6 0.8265381E+02
  10 0.8312283E+02
  14 0.8335816E+02
  11 0.8311580E+02
   8 0.8365392E+02
  12 0.8333257E+02
   1 0.8358995E+02
  14 0.8335338E+02
   5 0.8303661E+02
  10 0.8317293E+02
   6 0.8332724E+02
  15 0.8315838E+02
  12 0.8403851E+02
   3 0.8364144E+02
  10 0.8295311E+02
   7 0.8300823E+02
   6 0.8285608E+02
   1 0.8305666E+02
  10 0.8301322E+02
   9 0.8336094E+02
   5 0.8337279E+02
  12 0.8319620E+02
  10 0.8276127E+02
   7 0.8352035E+02
   5 0.8408956E+02
   8 0.8318807E+02
   4 0.8321701E+02
  13 0.8305573E+02
  10 0.8336931E+02
  14 0.8352981E+02
   6 0.8273060E+02
  13 0.8330731E+02
  10 0.8338593E+02
   7 0.8352513E+02
  15 0.8336273E+02
   5 0.8346189E+02
   1 0.8282636E+02
   4 0.8337608E+02
   5 0.4781814E+02
   6 0.8279186E+02
  10 0.8286778E+02
   2 0.8304015E+02
   5 0.8114752E+02
  13 0.8224166E+02
   1 0.8372586E+02
   6 0.7141478E+02
   6 0.7690938E+02
   8 0.8328062E+02
   9 0.8297777E+02
  11 0.8325171E+02
   2 0.8262382E+02
   8 0.8269199E+02
   1 0.8273375E+02
  14 0.8301376E+02
   4 0.8292230E+02
  15 0.8351236E+02
  15 0.4446597E+02
   3 0.8375150E+02
  11 0.8365860E+02
  14 0.8391898E+02
   2 0.8289211E+02
  10 0.8354214E+02
  12 0.8347437E+02
   1 0.8330839E+02
   3 0.8390814E+02
  11 0.8360825E+02
  15 0.8238706E+02
  14 0.8314019E+02
   4 0.8335486E+02
   2 0.8378634E+02
  15 0.8377333E+02
   8 0.8359388E+02
   8 0.8353339E+02
   9 0.8335201E+02
  11 0.8333722E+02
   7 0.8338362E+02
  11 0.2251674E+02
   5 0.8309496E+02
   8 0.8294309E+02
   9 0.8331057E+02
   6 0.8343960E+02
  14 0.8392924E+02
   5 0.8375782E+02
  13 0.8336508E+02
   9 0.8375369E+02
  15 0.8307081E+02
  14 0.8350351E+02
   8 0.8370495E+02
   3 0.8312337E+02
  10 0.8305585E+02
  11 0.8300745E+02
  13 0.8386262E+02
  13 0.8343244E+02
   9 0.8321134E+02
  12 0.8332859E+02
  11 0.8225056E+02
   1 0.8332419E+02
  12 0.8343133E+02
   1 0.8368863E+02
   4 0.8297347E+02
  12 0.8348190E+02
  13 0.8284550E+02
   8 0.8311839E+02
   3 0.8328298E+02
  14 0.8368441E+02
  15 0.8364870E+02
   2 0.8288085E+02
   1 0.8383057E+02
   7 0.8313030E+02
   3 0.1960993E+02
  12 0.8389839E+02
  15 0.8384463E+02
   8 0.8235332E+02
  13 0.8301757E+02
   7 0.8327329E+02
  15 0.8396109E+02
   1 0.8291397E+02
  12 0.8329294E+02
   8 0.8380328E+02
   6 0.8317523E+02
   5 0.8380551E+02
   6 0.8261383E+02
   5 0.8437370E+02
   1 0.8237269E+02
   9 0.8299949E+02
  14 0.8345485E+02
   1 0.8375808E+02
  10 0.8289083E+02
  14 0.8261752E+02
   1 0.8383141E+02
   1 0.3344132E+02
   8 0.8362834E+02
   4 0.8325176E+02
  11 0.8350541E+02
  11 0.4177839E+02
  12 0.8338303E+02
   3 0.8351423E+02
  11 0.5325933E+02
   9 0.8313063E+02
   1 0.8327607E+02
   4 0.8285196E+02
  12 0.8403802E+02
  12 0.3315891E+02
  12 0.8313689E+02
   4 0.8324408E+02
   2 0.8347275E+02
   1 0.8375071E+02
  15 0.8361451E+02
  12 0.8333646E+02
  13 0.8335642E+02
   7 0.8360018E+02
   4 0.8333685E+02
   1 0.8354998E+02
  15 0.8338741E+02
   1 0.5665664E+02
   8 0.8332035E+02
  14 0.8340114E+02
   6 0.8353441E+02
   5 0.8311446E+02
  13 0.8346384E+02
   4 0.8338843E+02
   4 0.4395349E+02
  15 0.8320902E+02
  13 0.8321075E+02
   1 0.8330597E+02
   6 0.8329620E+02
  10 0.8346362E+02
   1 0.2443312E+02
  12 0.8377888E+02
  13 0.8383522E+02
  10 0.7637122E+02
  14 0.8323671E+02
   8 0.8364134E+02
   4 0.8310082E+02
  10 0.8404916E+02
   8 0.7828364E+02
  12 0.8380356E+02
  14 0.8367488E+02
   9 0.8320804E+02
  12 0.6995583E+02
  13 0.8244809E+02
   8 0.8330041E+02
  10 0.8378414E+02
   3 0.8288370E+02
  11 0.8296536E+02
  14 0.8283926E+02
  14 0.8341808E+02
  10 0.8323659E+02
  11 0.8364065E+02
   2 0.8319191E+02
   5 0.8332054E+02
   3 0.8358523E+02
  11 0.7498109E+02
   2 0.7274393E+02
   7 0.8327869E+02
  11 0.8354763E+02
   7 0.6570073E+02
  12 0.8332355E+02
   8 0.8374058E+02
  12 0.8279678E+02
   3 0.8292172E+02
  15 0.8313576E+02
   5 0.8270645E+02
   6 0.8297014E+02
   7 0.8326182E+02
   1 0.8298022E+02
  14 0.8353328E+02
  12 0.8331607E+02
   8 0.8249608E+02
   5 0.8261657E+02
   3 0.8298321E+02
   8 0.8103865E+02
  14 0.8327472E+02
   4 0.8336905E+02
  11 0.8263990E+02
   1 0.8319777E+02
   7 0.8291502E+02
   8 0.8325667E+02
   4 0.8379728E+02
   5 0.8343630E+02
   6 0.8320324E+02
  14 0.8305922E+02
   9 0.8368096E+02
   8 0.8270653E+02
  11 0.8299993E+02
  13 0.8307324E+02
   6 0.6777120E+02
   8 0.8279567E+02
  11 0.8410945E+02
  12 0.8353752E+02
   3 0.8303046E+02
  13 0.8380865E+02
  10 0.8377807E+02
  12 0.8352895E+02
   7 0.8289665E+02
   9 0.8274745E+02
  13 0.8322226E+02
  11 0.8301513E+02
   7 0.8355666E+02
   7 0.1205392E+02
   2 0.8380689E+02
   7 0.8336460E+02
   1 0.8339946E+02
  13 0.8351706E+02
   9 0.8261970E+02
  11 0.8304893E+02
   2 0.8394668E+02
   1 0.8337186E+02
  15 0.8302139E+02
  13 0.8310846E+02
   3 0.8314371E+02
  11 0.6959281E+02
  13 0.3268635E+02
   2 0.8353201E+02
   4 0.8331976E+02
   9 0.8323285E+02
  15 0.7700141E+02
   5 0.8316118E+02
  14 0.8357119E+02
   8 0.8352197E+02
   7 0.8377102E+02
   6 0.8372025E+02
   1 0.8351352E+02
  10 0.8299267E+02
  12 0.8332103E+02
   2 0.7680331E+02
  27 0.4006449E+02
  17 0.6303341E+02
  13 0.8412378E+02
  10 0.8344380E+02
   3 0.8329991E+02
  26 0.8360714E+02
   1 0.8391080E+02
  20 0.8393386E+02
  23 0.8391983E+02
  16 0.8302199E+02
  24 0.8372902E+02
   5 0.8261960E+02
  15 0.8395011E+02
  30 0.8256819E+02
  21 0.8287559E+02
  12 0.8372827E+02
  13 0.8229565E+02
  20 0.8370411E+02
  16 0.1619849E+02
  10 0.8311161E+02
   8 0.8321405E+02
   6 0.8350614E+02
  17 0.8196935E+02
   9 0.8355776E+02
  15 0.8350842E+02
  19 0.8365163E+02
   8 0.6924811E+02
  17 0.8378835E+02
  23 0.8296846E+02
  14 0.8294966E+02
  20 0.8439959E+02
   7 0.8288834E+02
  17 0.8349546E+02
  13 0.5766004E+02
   3 0.8271651E+02
   5 0.8336727E+02
   8 0.8339903E+02
   9 0.8327333E+02
  17 0.8371694E+02
  14 0.8238286E+02
  30 0.8262327E+02
  15 0.8273317E+02
  14 0.5922122E+01
   3 0.8346192E+02
   6 0.8309379E+02
  19 0.8249155E+02
   9 0.8365559E+02
  17 0.7373123E+02
   9 0.4317579E+02
  30 0.8361563E+02
  17 0.2591152E+02
  14 0.8282081E+02
  17 0.7113221E+02
   6 0.8249110E+02
   5 0.8305403E+02
  30 0.8358305E+02
   5 0.5408898E+02
  14 0.8292465E+02
  11 0.8369149E+02
  18 0.8318060E+02
  22 0.8337312E+02
   5 0.8280366E+02
  31 0.8353957E+02
   1 0.8319083E+02
  25 0.8314194E+02
   4 0.8343045E+02
  30 0.8360422E+02
  24 0.8329278E+02
  28 0.8369518E+02
   5 0.8345894E+02
  26 0.8372473E+02
  21 0.8332969E+02
  12 0.8308408E+02
   2 0.8351291E+02
  14 0.8385923E+02
  29 0.8339493E+02
  27 0.8333795E+02
  18 0.8229992E+02
  10 0.8367988E+02
  20 0.8305504E+02
  18 0.5407306E+02
  11 0.8229237E+02
  25 0.8341286E+02
  26 0.8397601E+02
  30 0.8259209E+02
   2 0.8339215E+02
  16 0.8331027E+02
  14 0.8364289E+02
  27 0.8252572E+02
  24 0.8201128E+02
  21 0.8368649E+02
   7 0.8354730E+02
  26 0.8227565E+02
  25 0.8319874E+02
  23 0.8333194E+02
  28 0.8213510E+02
  20 0.8289393E+02
  27 0.8365519E+02
  10 0.8306415E+02
  12 0.8307228E+02
  13 0.8305532E+02
  18 0.8296851E+02
   2 0.8271043E+02
  16 0.8251744E+02
  11 0.8339452E+02
  23 0.8333822E+02
  14 0.8259564E+02
  15 0.8302266E+02
   8 0.8348529E+02
  30 0.8330748E+02
  28 0.8266119E+02
  19 0.8298241E+02
  21 0.8322973E+02
  10 0.8302007E+02
   3 0.8329759E+02
  18 0.8337674E+02
  13 0.8294198E+02
  27 0.8255517E+02
  25 0.8309575E+02
   9 0.8344137E+02
  12 0.8307012E+02
  11 0.8340175E+02
   6 0.8334938E+02
  10 0.8232538E+02
  17 0.8334592E+02
   3 0.8347860E+02
  30 0.8241931E+02
  27 0.8331864E+02
   9 0.8318797E+02
  18 0.8330875E+02
  19 0.8274551E+02
   3 0.2172529E+02
  25 0.8308427E+02
  15 0.8320993E+02
  11 0.8385463E+02
  31 0.8309258E+02
   1 0.8359924E+02
  17 0.8353248E+02
  27 0.8234605E+02
  11 0.7966011E+02
   3 0.8288933E+02
  13 0.8307603E+02
  15 0.8384185E+02
  10 0.8351910E+02
  12 0.8259071E+02
  22 0.8393467E+02
  31 0.8397865E+02
   4 0.8341651E+02
   6 0.8240464E+02
  18 0.8326569E+02
   5 0.8344207E+02
  15 0.5542485E+02
  27 0.8357616E+02
  19 0.8317911E+02
  25 0.8353835E+02
   3 0.8319274E+02
  13 0.8401793E+02
  17 0.8310100E+02
   6 0.4783465E+02
  11 0.8247446E+02
  29 0.8312677E+02
  12 0.8267356E+02
  11 0.2710164E+02
   5 0.8354739E+02
   6 0.8307078E+02
   7 0.8334485E+02
   4 0.8313361E+02
  29 0.3166001E+02
  24 0.8291660E+02
  26 0.8304913E+02
  17 0.8248539E+02
  11 0.8308551E+02
   6 0.8342571E+02
   5 0.8352198E+02
  13 0.8326043E+02
  11 0.4293794E+02
   7 0.8384118E+02
   4 0.8317686E+02
  14 0.8307838E+02
  20 0.8429437E+02
  12 0.8353275E+02
  23 0.8362246E+02
   2 0.8357999E+02
  24 0.8228236E+02
  16 0.8332313E+02
  13 0.8418808E+02
   5 0.8364244E+02
  28 0.8336377E+02
   8 0.8305358E+02
  23 0.8382180E+02
   4 0.8349214E+02
  21 0.8337050E+02
  28 0.8407916E+02
   8 0.8409972E+02
   5 0.8356144E+02
   2 0.8346316E+02
  17 0.8313283E+02
   8 0.4402227E+02
  28 0.8417504E+02
   7 0.8306276E+02
  11 0.8267416E+02
  25 0.8376263E+02
   9 0.8401917E+02
   1 0.8308958E+02
  19 0.8329417E+02
   2 0.8322651E+02
  30 0.8299236E+02
   1 0.7944932E+02
  22 0.8324833E+02
   2 0.8353591E+02
  30 0.8351547E+02
  31 0.8329318E+02
  27 0.8348364E+02
   3 0.8348728E+02
  18 0.8292029E+02
  31 0.8427233E+02
  10 0.8278596E+02
  15 0.8355777E+02
  29 0.8321933E+02
   1 0.8242957E+02
  31 0.8369689E+02
   2 0.8296341E+02
   2 0.2204516E+02
  31 0.7396157E+02
  10 0.8364645E+02
   3 0.8248113E+02
  19 0.8253201E+02
  27 0.8260900E+02
  29 0.8375452E+02
   2 0.8364674E+02
  24 0.8312821E+02
  26 0.8307143E+02
   6 0.8305185E+02
  21 0.8297104E+02
  24 0.2883716E+02
  29 0.8348521E+02
  31 0.8271164E+02
  20 0.8362539E+02
  14 0.8294315E+02
   3 0.8289876E+02
  16 0.8302147E+02
  27 0.8354364E+02
  21 0.7300650E+02
  13 0.8338596E+02
   4 0.8316802E+02
   5 0.8326991E+02
  23 0.8375542E+02
  20 0.8307543E+02
  23 0.8649842E+01
   5 0.3876975E+02
  16 0.8208114E+02
  12 0.8331451E+02
  17 0.8325054E+02
   3 0.8340736E+02
  26 0.8268100E+02
  16 0.8352284E+02
  28 0.8357422E+02
  29 0.8324789E+02
  11 0.8335414E+02
  25 0.8333473E+02
   8 0.8288923E+02
  21 0.8404131E+02
  31 0.8235105E+02
  12 0.8335017E+02
  20 0.8377802E+02
   5 0.8289355E+02
   9 0.8360603E+02
  29 0.7210735E+02
   7 0.8368912E+02
  17 0.8339564E+02
  30 0.8373674E+02
  20 0.8364434E+02
  31 0.8304221E+02
  16 0.8317263E+02
   9 0.8314645E+02
  28 0.8296557E+02
  11 0.8287821E+02
  15 0.8319031E+02
   5 0.8344863E+02
   7 0.8233665E+02
   5 0.7421125E+02
   7 0.1266637E+02
  22 0.8292362E+02
   1 0.8337087E+02
  15 0.8383052E+02
  20 0.8418730E+02
  16 0.8366507E+02
  12 0.8293095E+02
  17 0.8306234E+02
   6 0.8332471E+02
  18 0.8307948E+02
  12 0.8389351E+02
  17 0.6908525E+02
  11 0.8289884E+02
  20 0.8359062E+02
  17 0.7337007E+02
  18 0.8272991E+02
  31 0.8300626E+02
   7 0.8322014E+02
  19 0.8326814E+02
  24 0.8358421E+02
  16 0.8290689E+02
   6 0.8306567E+02
  10 0.8327627E+02
  22 0.8288956E+02
   1 0.8318183E+02
  31 0.8391237E+02
  18 0.8318020E+02
  17 0.8385018E+02
  11 0.8282824E+02
  14 0.8315962E+02
   2 0.8318625E+02
  20 0.8304525E+02
  11 0.8427683E+02
  27 0.8385089E+02
  17 0.8368973E+02
  13 0.8345764E+02
  24 0.8318951E+02
   4 0.8283900E+02
  10 0.8283750E+02
   3 0.8312567E+02
   8 0.8312508E+02
  14 0.8281260E+02
   2 0.8323622E+02
   8 0.8423921E+02
   4 0.8358552E+02
  25 0.8364776E+02
  29 0.8339471E+02
  31 0.8314324E+02
  11 0.8323883E+02
  25 0.6148664E+02
  23 0.8297587E+02
  20 0.8234405E+02
  17 0.8241359E+02
  26 0.8341173E+02
  21 0.8325385E+02
  28 0.8341103E+02
  27 0.8334388E+02
  11 0.8396992E+02
  25 0.8350569E+02
  13 0.8325486E+02
   4 0.8356700E+02
   9 0.8264217E+02
  14 0.8331991E+02
  15 0.8353193E+02
  11 0.8326005E+02
  26 0.8298149E+02
  17 0.8298243E+02
  29 0.8307919E+02
  30 0.8305544E+02
   4 0.8366112E+02
  25 0.8258206E+02
  23 0.8280214E+02
  19 0.8287198E+02
   1 0.8386492E+02
   8 0.8261603E+02
   4 0.8392751E+02
   5 0.8309083E+02
  12 0.8364332E+02
  17 0.8371045E+02
   4 0.7072161E+02
  23 0.8365389E+02
  29 0.8370372E+02
   8 0.8362220E+02
  27 0.8334698E+02
  16 0.8319596E+02
  12 0.8338106E+02
   1 0.8320276E+02
  28 0.8286596E+02
  18 0.8372821E+02
   7 0.8276878E+02
   9 0.8335668E+02
   8 0.6425320E+02
   5 0.8332611E+02
   6 0.8336214E+02
   1 0.8357908E+02
   7 0.8384652E+02
  12 0.8390974E+02
  16 0.6420810E+02
   6 0.8413269E+02
  28 0.6829738E+02
  18 0.8323201E+02
   8 0.8229621E+02
  10 0.8286387E+02
  22 0.8275162E+02
  24 0.8367185E+02
  29 0.8312268E+02
   8 0.8399435E+02
   3 0.8338753E+02
  29 0.8324527E+02
  12 0.8251472E+02
  22 0.8408115E+02
   3 0.7511511E+02
   6 0.8323833E+02
   5 0.8385357E+02
   7 0.8335353E+02
  20 0.8332227E+02
  28 0.8302005E+02
  15 0.8324340E+02
  12 0.8338305E+02
  14 0.8320689E+02
   6 0.7017114E+02
  22 0.8384665E+02
  29 0.8315221E+02
   2 0.8315413E+02
  12 0.8427667E+02
   5 0.8302645E+02
   8 0.8300930E+02
  13 0.8330650E+02
   5 0.4346827E+02
  26 0.8387323E+02
  31 0.8366020E+02
   3 0.8227661E+02
  31 0.4212139E+02
   3 0.2749762E+02
   7 0.8305451E+02
  29 0.8368490E+02
  21 0.8327723E+02
  11 0.8349464E+02
   7 0.7027292E+02
  31 0.8380625E+02
  26 0.8362448E+02
  13 0.8262734E+02
   2 0.8242977E+02
  12 0.8268235E+02
  25 0.8287288E+02
  29 0.8250715E+02
  22 0.8245132E+02
  31 0.8279592E+02
  11 0.8287145E+02
  19 0.8357713E+02
   4 0.8345370E+02
   9 0.8351553E+02
  23 0.8321320E+02
  17 0.8273111E+02
  30 0.8331692E+02
  22 0.8364040E+02
  17 0.6761651E+02
  23 0.7521324E+02
   9 0.8374137E+02
  31 0.8293452E+02
  12 0.8320920E+02
  27 0.8317959E+02
  22 0.8409282E+02
   1 0.8389335E+02
  16 0.8337512E+02
  18 0.8335934E+02
  10 0.8314038E+02
  14 0.8306430E+02
   9 0.8321613E+02
  24 0.8310294E+02
  23 0.8304144E+02
  31 0.8262073E+02
  20 0.8327137E+02
   6 0.8357290E+02
   1 0.8363883E+02
  10 0.8338452E+02
  23 0.8395079E+02
   8 0.8280451E+02
  20 0.8380869E+02
   1 0.5427331E+02
  24 0.8346093E+02
   1 0.5514804E+02
  28 0.8290095E+02
  31 0.8439529E+02
   5 0.8354708E+02
  15 0.8304592E+02
   9 0.8305414E+02
   8 0.8311435E+02
  21 0.8333473E+02
  20 0.8300672E+02
   9 0.8395450E+02
  26 0.8334746E+02
  31 0.8292243E+02
   6 0.8331498E+02
  28 0.8337742E+02
   7 0.8340034E+02
   5 0.8349993E+02
   4 0.8310245E+02
  13 0.8347719E+02
   2 0.8357489E+02
  13 0.1992690E+02
   3 0.8367574E+02
  30 0.8316526E+02
  24 0.8342076E+02
  19 0.8330411E+02
  20 0.8363558E+02
   9 0.8296577E+02
   7 0.8317619E+02
  17 0.8338154E+02
  25 0.8315415E+02
  21 0.8270679E+02
   5 0.8247283E+02
  29 0.8313880E+02
  11 0.8322543E+02
  26 0.8349595E+02
   6 0.8329020E+02
  28 0.8333815E+02
   4 0.8314743E+02
  22 0.8349417E+02
  16 0.8340965E+02
  27 0.8324566E+02
  18 0.8328275E+02
  12 0.8301191E+02
  14 0.8296710E+02
  10 0.8272055E+02
  23 0.8304623E+02
  15 0.8332215E+02
  31 0.8320322E+02
   1 0.8320273E+02
   8 0.8367759E+02
  37 0.6919935E+02
  58 0.2532678E+02
  24 0.4330996E+02
  51 0.5158888E+02
  59 0.7031371E+02
  38 0.4844313E+02
  17 0.8325204E+02
  26 0.8126449E+02
   7 0.8376510E+02
  54 0.8385013E+02
  60 0.8289746E+02
  14 0.8340092E+02
  27 0.8374520E+02
  51 0.7231855E+02
   4 0.8380880E+02
  30 0.7761662E+02
  44 0.8384266E+02
  41 0.8351010E+02
  18 0.8268220E+02
  34 0.8388534E+02
  17 0.2889197E+02
   2 0.8344469E+02
  50 0.8245816E+02
  34 0.6572077E+01
  37 0.8303762E+02
  15 0.8344264E+02
  25 0.8298687E+02
  32 0.7840133E+02
  63 0.8284808E+02
  57 0.8267620E+02
  34 0.4919217E+02
  46 0.8409757E+02
  43 0.8265656E+02
  47 0.8328058E+02
  35 0.8352775E+02
  27 0.8365839E+02
  22 0.8246898E+02
   8 0.8284519E+02
  40 0.8337604E+02
  58 0.8251583E+02
   5 0.8330897E+02
  60 0.8316275E+02
  21 0.8328181E+02
  12 0.8340960E+02
  36 0.8312728E+02
  17 0.8167448E+02
  39 0.8292423E+02
  48 0.8283800E+02
  20 0.7131813E+02
  50 0.8330116E+02
  35 0.7402016E+02
   4 0.8344041E+02
  12 0.8346018E+02
  31 0.8310764E+02
  46 0.8402973E+02
  51 0.8160151E+02
  17 0.8358211E+02
  24 0.8325239E+02
  15 0.8376564E+02
  44 0.8310832E+02
  57 0.8340458E+02
  25 0.8295438E+02
  38 0.8236707E+02
  21 0.8314870E+02
  56 0.8277114E+02
  63 0.8189539E+02
   2 0.8356568E+02
  10 0.8308944E+02
   6 0.8354554E+02
   5 0.7869275E+02
  24 0.3261887E+02
  32 0.8328782E+02
  39 0.8332827E+02
  12 0.3056689E+02
  58 0.8348666E+02
  36 0.8316729E+02
  23 0.8299462E+02
   8 0.8285586E+02
  38 0.8215011E+02
  51 0.8148081E+02
  40 0.8333079E+02
   6 0.8296983E+02
  24 0.8364688E+02
  50 0.7799883E+02
  30 0.8297972E+02
  13 0.8340662E+02
  56 0.8345197E+02
  36 0.8281252E+02
  20 0.8257067E+02
   5 0.8320121E+02
   4 0.8340974E+02
  35 0.8320637E+02
  20 0.5598150E+02
  13 0.8400090E+02
  17 0.8319037E+02
   5 0.7017478E+02
  63 0.8223955E+02
  51 0.8307111E+02
  57 0.8320027E+02
   8 0.8291787E+02
  15 0.8332769E+02
  44 0.8300223E+02
  23 0.8322037E+02
  36 0.8255932E+02
  51 0.8381806E+02
   4 0.8345821E+02
  17 0.8308342E+02
  50 0.8398766E+02
  25 0.8291781E+02
   8 0.8383682E+02
  24 0.8328185E+02
  51 0.8342898E+02
  57 0.8300155E+02
  50 0.8281577E+02
  35 0.8339348E+02
  57 0.7482743E+02
  56 0.8374798E+02
  40 0.8303149E+02
  20 0.8366756E+02
  23 0.8270778E+02
  62 0.8336921E+02
  44 0.8314902E+02
  25 0.7008444E+02
  51 0.8280211E+02
  56 0.8416932E+02
  35 0.8364375E+02
   4 0.8317226E+02
  52 0.8340044E+02
  28 0.8345436E+02
  61 0.8323393E+02
  62 0.8355298E+02
   3 0.8305491E+02
  16 0.8334755E+02
   1 0.8355635E+02
  42 0.8368998E+02
   9 0.8348835E+02
  41 0.8331490E+02
  11 0.8338047E+02
  28 0.8415646E+02
  47 0.8342822E+02
  53 0.8363961E+02
  12 0.8314167E+02
  29 0.8313805E+02
  45 0.8342307E+02
  34 0.8351486E+02
  12 0.4976768E+02
   6 0.8355112E+02
  59 0.8344322E+02
   9 0.8335709E+02
  33 0.8360254E+02
  42 0.6743291E+02
  49 0.8312318E+02
  14 0.8316324E+02
  26 0.8316142E+02
  55 0.8362346E+02
  20 0.8349984E+02
  44 0.8293296E+02
  16 0.7945672E+02
   1 0.8374429E+02
  19 0.8303431E+02
   5 0.8349497E+02
  51 0.8325783E+02
  37 0.8369097E+02
  28 0.8372748E+02
  62 0.8272906E+02
   4 0.8354329E+02
   1 0.2428455E+02
  43 0.8370057E+02
  59 0.8333227E+02
  61 0.8288635E+02
   7 0.8357664E+02
  54 0.8354503E+02
  61 0.1385792E+02
  51 0.8317013E+02
   3 0.8316083E+02
  18 0.8324905E+02
   4 0.5302024E+02
  22 0.8304561E+02
   6 0.8303888E+02
  26 0.8329876E+02
  15 0.8315712E+02
  48 0.8326198E+02
  11 0.8325109E+02
  20 0.8319073E+02
  14 0.8385095E+02
   3 0.8373319E+02
  44 0.8239075E+02
  60 0.8369731E+02
  36 0.8334954E+02
  27 0.8325149E+02
  54 0.7410898E+02
  18 0.4495120E+02
  31 0.8335761E+02
  43 0.8365774E+02
   7 0.8326590E+02
   8 0.8372108E+02
  58 0.8329864E+02
  10 0.8318541E+02
  44 0.8363744E+02
  11 0.8381866E+02
   6 0.8302946E+02
  52 0.8287041E+02
  29 0.8320059E+02
  46 0.8291428E+02
  57 0.8373069E+02
  27 0.8389821E+02
  32 0.8347557E+02
   2 0.8348840E+02
  21 0.8333528E+02
  24 0.8327588E+02
  60 0.8397950E+02
  55 0.8254453E+02
  28 0.8244974E+02
   6 0.8312218E+02
  31 0.8220055E+02
  61 0.8287698E+02
  21 0.8420615E+02
  54 0.8316366E+02
   7 0.8022794E+02
   6 0.3633126E+02
  46 0.8372805E+02
  49 0.8296228E+02
   8 0.8274575E+02
  32 0.8340570E+02
  38 0.8315517E+02
  60 0.8268378E+02
  55 0.8370774E+02
  44 0.8419414E+02
  24 0.8333381E+02
  39 0.8352992E+02
  21 0.8371272E+02
  30 0.8310276E+02
  46 0.7746318E+02
  17 0.8377324E+02
  11 0.8303897E+02
   6 0.6727379E+02
  57 0.8376971E+02
  14 0.8258321E+02
  61 0.8358712E+02
  30 0.8071287E+02
  49 0.8286638E+02
  10 0.8292866E+02
  60 0.2741968E+02
  54 0.8391717E+02
  48 0.8305732E+02
  21 0.8345038E+02
   7 0.8280111E+02
  29 0.8323524E+02
  48 0.5213755E+02
  60 0.8437304E+01
  39 0.8344152E+02
   6 0.8372334E+02
  44 0.8302046E+02
  16 0.8297683E+02
  13 0.8347948E+02
  30 0.8275757E+02
  63 0.8359193E+02
  54 0.8383069E+02
   6 0.7902148E+02
  17 0.8241657E+02
  14 0.8284205E+02
  50 0.8343595E+02
  63 0.6116578E+02
  23 0.8318855E+02
  10 0.8324997E+02
  12 0.8304197E+02
  45 0.8334959E+02
  60 0.8371266E+02
  24 0.8286877E+02
  50 0.8340840E+02
  44 0.8320028E+02
  37 0.8278029E+02
  47 0.8349331E+02
  19 0.8337894E+02
  21 0.8280890E+02
   1 0.8323291E+02
  51 0.8373093E+02
  16 0.8308430E+02
  19 0.8327601E+02
  45 0.8111116E+02
   5 0.8280769E+02
  12 0.8368592E+02
  23 0.8260740E+02
  21 0.8194680E+02
  14 0.8358001E+02
  61 0.8313066E+02
  26 0.8331727E+02
  63 0.8366289E+02
  36 0.8280628E+02
  61 0.3010930E+02
  23 0.8377208E+02
  35 0.8299082E+02
  40 0.8320741E+02
  25 0.8402052E+02
  47 0.8299016E+02
  36 0.8392159E+02
   1 0.8307443E+02
  56 0.8355299E+02
  62 0.8311949E+02
  48 0.8303488E+02
  50 0.8257880E+02
  31 0.8355327E+02
  19 0.8312255E+02
   5 0.8287624E+02
  17 0.8294268E+02
  18 0.8330916E+02
  37 0.8322681E+02
  33 0.8301591E+02
  34 0.8351985E+02
  60 0.8319360E+02
  27 0.8295983E+02
  20 0.8322314E+02
  43 0.8286404E+02
  63 0.8280378E+02
  42 0.8314829E+02
  32 0.8357498E+02
  41 0.8357058E+02
   9 0.8306503E+02
  19 0.8334371E+02
  26 0.8270895E+02
  53 0.8276356E+02
  28 0.8335736E+02
  63 0.2536767E+02
  23 0.8246218E+02
  22 0.8347787E+02
  47 0.8317683E+02
   2 0.8329891E+02
  55 0.8320844E+02
   3 0.8347585E+02
  46 0.8339796E+02
  59 0.8374013E+02
  48 0.8322005E+02
  49 0.8368433E+02
   8 0.8357548E+02
  43 0.8338828E+02
   2 0.7911212E+02
  55 0.3639425E+02
   7 0.8309997E+02
  18 0.8284941E+02
  20 0.8189193E+02
  61 0.8384048E+02
  55 0.2110684E+02
  32 0.8368944E+02
  62 0.8268613E+02
  15 0.8340692E+02
  41 0.8305096E+02
  11 0.8345705E+02
  33 0.8313610E+02
   4 0.8309009E+02
  60 0.8236987E+02
  46 0.5720924E+02
  25 0.8267814E+02
  52 0.8346322E+02
  18 0.8330961E+02
  63 0.8314298E+02
  57 0.8321828E+02
  23 0.8419138E+02
  39 0.8329575E+02
  58 0.8336048E+02
   8 0.8262232E+02
  33 0.8377335E+02
  49 0.8357243E+02
  53 0.8272404E+02
   2 0.8277515E+02
  28 0.8260589E+02
  47 0.8337791E+02
  52 0.8395097E+02
  60 0.8333509E+02
  11 0.8234960E+02
  30 0.8358101E+02
  62 0.8320967E+02
  20 0.8361243E+02
  33 0.8390564E+02
  38 0.8326945E+02
  13 0.8337336E+02
  25 0.8345058E+02
   8 0.8425164E+02
  58 0.8366967E+02
  28 0.8347377E+02
   4 0.8231298E+02
  61 0.8344941E+02
  44 0.8347269E+02
  39 0.8289142E+02
  32 0.8332254E+02
  10 0.8344140E+02
  16 0.8332252E+02
  46 0.8326590E+02
  52 0.8226786E+02
  55 0.8222009E+02
  10 0.1793473E+02
  20 0.8393408E+02
  60 0.8285745E+02
  29 0.8330587E+02
  54 0.8351907E+02
  24 0.8377135E+02
  16 0.8412152E+02
  47 0.8345602E+02
  21 0.8338141E+02
  12 0.8351685E+02
  53 0.8273382E+02
  28 0.8327278E+02
   1 0.8348409E+02
  45 0.8324159E+02
  62 0.8339562E+02
  39 0.8333300E+02
  46 0.8332254E+02
   2 0.8273623E+02
  51 0.8332787E+02
  52 0.8272708E+02
  57 0.8307274E+02
   4 0.8306957E+02
   6 0.8345863E+02
  60 0.8363550E+02
  13 0.8288610E+02
  29 0.8347877E+02
  63 0.8313986E+02
  20 0.8330061E+02
  33 0.8301004E+02
  40 0.8313668E+02
  39 0.8370066E+02
  61 0.8361353E+02
  51 0.8371775E+02
  32 0.8366909E+02
  60 0.8315380E+02
  13 0.7041189E+02
  62 0.8358714E+02
  10 0.8295595E+02
   6 0.8387041E+02
   1 0.8320049E+02
  14 0.8329136E+02
  47 0.8311630E+02
  37 0.8318344E+02
  63 0.8396834E+02
  27 0.8324810E+02
  36 0.8300257E+02
  14 0.7588074E+01
  19 0.8355468E+02
  59 0.8313504E+02
  31 0.8410222E+02
   9 0.8386464E+02
   1 0.8275240E+02
  10 0.8369692E+02
  50 0.8359918E+02
  42 0.8398225E+02
   6 0.8329792E+02
  13 0.8330559E+02
  32 0.8283894E+02
  18 0.8325248E+02
  39 0.8261759E+02
  52 0.8279671E+02
  35 0.8349416E+02
  27 0.8349525E+02
  61 0.8317289E+02
  62 0.8267253E+02
  48 0.8316957E+02
   3 0.8337849E+02
   5 0.8355827E+02
  36 0.8344845E+02
  43 0.8332645E+02
  59 0.8231069E+02
  26 0.8351625E+02
  60 0.8271036E+02
  37 0.8386815E+02
  17 0.8356626E+02
  56 0.8305874E+02
  31 0.8357737E+02
  47 0.8285808E+02
   7 0.8332682E+02
  41 0.8325665E+02
  33 0.8317887E+02
  63 0.8378710E+02
  40 0.8261583E+02
  20 0.8319396E+02
  22 0.8318265E+02
  18 0.6613846E+02
  50 0.8375111E+02
  29 0.8304947E+02
   1 0.8242612E+02
  23 0.8277750E+02
   6 0.8347439E+02
  14 0.8281545E+02
  34 0.8364696E+02
  49 0.8307883E+02
  15 0.8319076E+02
  16 0.8287779E+02
  11 0.8310764E+02
  24 0.8308011E+02
  58 0.8348860E+02
  28 0.8292688E+02
  55 0.8315264E+02
  25 0.8323191E+02
  30 0.8331246E+02
  12 0.8347988E+02
  46 0.8307690E+02
   2 0.8311534E+02
  54 0.8291170E+02
  44 0.8345983E+02
  45 0.8307446E+02
   8 0.8400549E+02
  21 0.8353350E+02
  10 0.8351600E+02
  53 0.8376422E+02
  38 0.8361178E+02
  19 0.8372522E+02
  57 0.8290121E+02
  51 0.8338085E+02
  42 0.8339171E+02
   4 0.8309210E+02
  39 0.8323850E+02
  32 0.8336323E+02
  13 0.8317417E+02
   9 0.8350569E+02
   6 0.2011907E+02
 112 0.9421055E+01
  93 0.3451252E+02
  14 0.4558407E+02
 103 0.7765490E+02
  81 0.8372441E+02
  46 0.8442014E+02
  23 0.7434772E+02
 108 0.8434995E+02
  75 0.3591162E+02
 120 0.4376370E+02
 101 0.8398947E+02
 112 0.8302813E+02
  56 0.8309232E+02
  25 0.8361161E+02
  70 0.8111486E+02
   5 0.8354771E+02
 121 0.8349367E+02
  86 0.8198166E+02
  68 0.8367890E+02
 123 0.8301805E+02
  42 0.8304073E+02
  91 0.8379459E+02
  78 0.8323508E+02
  54 0.8338630E+02
  77 0.8346023E+02
  35 0.8347565E+02
 105 0.8340808E+02
 106 0.8364929E+02
  61 0.8267650E+02
 107 0.8378045E+02
  13 0.8334066E+02
  12 0.8399481E+02
  19 0.8325869E+02
  71 0.8304869E+02
  21 0.8319644E+02
  87 0.8371541E+02
  67 0.8358327E+02
 111 0.8325176E+02
  26 0.8266173E+02
  15 0.8320169E+02
 102 0.8245831E+02
  51 0.8374689E+02
  47 0.8345950E+02
   4 0.8259271E+02
  33 0.8363867E+02
  65 0.8246133E+02
  98 0.8393492E+02
  86 0.8299345E+02
  30 0.8244450E+02
  16 0.8285761E+02
 126 0.8350420E+02
  92 0.8287815E+02
  97 0.8311765E+02
 121 0.7082360E+02
   9 0.8315680E+02
 107 0.8319324E+02
  64 0.8351877E+02
  46 0.8390061E+02
  53 0.8309621E+02
  39 0.8314953E+02
  72 0.8316335E+02
  90 0.8266476E+02
 108 0.8361918E+02
   2 0.8345116E+02
  18 0.8380737E+02
  88 0.8338337E+02
  83 0.8348526E+02
  25 0.1335182E+02
  71 0.8290044E+02
 104 0.8291643E+02
   6 0.8265830E+02
  85 0.8366341E+02
  98 0.8342580E+02
  56 0.8342245E+02
  70 0.8364458E+02
  44 0.8354348E+02
  75 0.8344150E+02
  99 0.8312995E+02
  60 0.8335760E+02
  47 0.7119416E+02
 113 0.8302687E+02
  94 0.8300042E+02
  84 0.8311289E+02
  66 0.8337043E+02
 118 0.8315940E+02
  24 0.8315507E+02
  41 0.8287405E+02
  63 0.8335662E+02
   7 0.8343913E+02
 119 0.8336334E+02
 103 0.8394344E+02
  35 0.8318904E+02
  81 0.8315043E+02
  46 0.8249153E+02
 112 0.8269942E+02
  79 0.8270766E+02
 124 0.8282936E+02
  50 0.8316573E+02
  61 0.8365051E+02
  91 0.8395800E+02
  64 0.8344032E+02
 116 0.8299761E+02
  95 0.8292325E+02
 117 0.8309920E+02
 113 0.8416887E+02
  98 0.8278086E+02
  80 0.8257087E+02
  11 0.8292340E+02
  17 0.8304582E+02
   4 0.8308629E+02
  51 0.8393123E+02
  47 0.8308477E+02
  19 0.8273690E+02
 111 0.8371988E+02
 112 0.8335444E+02
  82 0.8304003E+02
   9 0.8303301E+02
  55 0.8327662E+02
  60 0.8401775E+02
  99 0.8286237E+02
  79 0.3765513E+02
  42 0.8290278E+02
  90 0.8311201E+02
  12 0.8328561E+02
  93 0.8338478E+02
 124 0.8227959E+02
  25 0.8317157E+02
  26 0.8363682E+02
  75 0.8341738E+02
  83 0.8269098E+02
  30 0.8371685E+02
  95 0.8337590E+02
 121 0.8262422E+02
  91 0.8346152E+02
  56 0.8326055E+02
  53 0.8312804E+02
  86 0.8312533E+02
 106 0.8236585E+02
 120 0.8328316E+02
  46 0.8372356E+02
  25 0.8336580E+02
  80 0.8347513E+02
  21 0.8251907E+02
  50 0.8353662E+02
  35 0.8271081E+02
   7 0.8311142E+02
  64 0.8373477E+02
  19 0.8255470E+02
 107 0.8298088E+02
 116 0.8309089E+02
  99 0.8245365E+02
  94 0.8289935E+02
  92 0.8245527E+02
  64 0.7173238E+02
 103 0.8332032E+02
 117 0.8317256E+02
  56 0.8099559E+02
  85 0.8270319E+02
  17 0.8305143E+02
  82 0.8300098E+02
  25 0.8293035E+02
  46 0.8377415E+02
 119 0.8356962E+02
  98 0.8307709E+02
 113 0.8247605E+02
  50 0.8238461E+02
   6 0.8281302E+02
  12 0.8274618E+02
   2 0.8294783E+02
  30 0.8290751E+02
  92 0.8393456E+02
  99 0.8393303E+02
  95 0.8286222E+02
  26 0.8351112E+02
  79 0.8335546E+02
 117 0.8345464E+02
  64 0.1385835E+02
  85 0.8352700E+02
  75 0.8335235E+02
 108 0.8284084E+02
  80 0.8349398E+02
  12 0.2739775E+02
  51 0.8263656E+02
 106 0.8333658E+02
 119 0.8360783E+02
  94 0.8257296E+02
  53 0.8329129E+02
  50 0.8214662E+02
  95 0.8329763E+02
  82 0.8384039E+02
  19 0.8319566E+02
  91 0.8313690E+02
 116 0.8334735E+02
  75 0.8378512E+02
  64 0.8090685E+02
   6 0.8335139E+02
  65 0.8340007E+02
 113 0.8248133E+02
  35 0.8306616E+02
  30 0.8318751E+02
 103 0.8283884E+02
  19 0.8369616E+02
  97 0.8351712E+02
  95 0.8322623E+02
  51 0.8339154E+02
   2 0.8291483E+02
 108 0.8313886E+02
  92 0.8333913E+02
  50 0.8370798E+02
 106 0.8199038E+02
  63 0.8353068E+02
  97 0.8366244E+02
  80 0.8299070E+02
  12 0.8257286E+02
  30 0.8369895E+02
  13 0.8367609E+02
  56 0.8330612E+02
  71 0.8307707E+02
  50 0.8305579E+02
  74 0.8325353E+02
  46 0.8255152E+02
   6 0.8252753E+02
  39 0.8307917E+02
 127 0.8337999E+02
 114 0.8343313E+02
  92 0.8299825E+02
  73 0.8320560E+02
  52 0.8350258E+02
  91 0.8324400E+02
  35 0.8288243E+02
  59 0.8284394E+02
 110 0.8320312E+02
 100 0.8312965E+02
  32 0.8324974E+02
  38 0.8289816E+02
  28 0.8416062E+02
  14 0.8332769E+02
  27 0.8356330E+02
  31 0.8338733E+02
 125 0.8327519E+02
 113 0.8333779E+02
  57 0.8324061E+02
  51 0.8296213E+02
  72 0.8343716E+02
 116 0.8283495E+02
   1 0.8390103E+02
  63 0.8321794E+02
  76 0.8331083E+02
   8 0.8314307E+02
  10 0.8369262E+02
  36 0.8346544E+02
  89 0.8334957E+02
   3 0.8327246E+02
  40 0.8347800E+02
  48 0.8361473E+02
  62 0.8278740E+02
  58 0.8331247E+02
  96 0.8301107E+02
  22 0.8296933E+02
 115 0.8387936E+02
  20 0.8300856E+02
  37 0.8335814E+02
  30 0.8303289E+02
  11 0.8329209E+02
  45 0.8328305E+02
  34 0.8337133E+02
 109 0.8324276E+02
  43 0.8332925E+02
  47 0.8364845E+02
 105 0.8307573E+02
  29 0.8322910E+02
 100 0.7718823E+02
 110 0.8347287E+02
 122 0.8342737E+02
  74 0.8297507E+02
 121 0.8343149E+02
  83 0.8381019E+02
  65 0.8239948E+02
 127 0.8387904E+02
  52 0.8350437E+02
 106 0.8390378E+02
  49 0.8343028E+02
   4 0.8357435E+02
  23 0.8290679E+02
 109 0.8390616E+02
 101 0.8351236E+02
  69 0.8307347E+02
 107 0.8288068E+02
  41 0.8320191E+02
 103 0.8295608E+02
 100 0.3883029E+02
 102 0.8320496E+02
 114 0.8447554E+02
   6 0.8236255E+02
  38 0.8412463E+02
  10 0.8329182E+02
 125 0.8349760E+02
  22 0.8371723E+02
  54 0.8296649E+02
  81 0.8310314E+02
  96 0.8339421E+02
  72 0.6712926E+02
  47 0.6375416E+02
  77 0.8359408E+02
  10 0.2388138E+02
 124 0.8293227E+02
  39 0.8265433E+02
  68 0.8302367E+02
  62 0.8355861E+02
  88 0.8375462E+02
  60 0.8321031E+02
 123 0.8325320E+02
  32 0.8336808E+02
   5 0.8333773E+02
 126 0.8345453E+02
 100 0.4432886E+02
   8 0.8451002E+02
  31 0.8322928E+02
  46 0.8358717E+02
  41 0.8336957E+02
 125 0.8307728E+02
  65 0.6207418E+02
  12 0.8276780E+02
  30 0.8415012E+02
  24 0.8297342E+02
  16 0.8319708E+02
 122 0.8367313E+02
  87 0.8359375E+02
 118 0.8350320E+02
  93 0.8356723E+02
  48 0.8310019E+02
 109 0.8366143E+02
   3 0.8266369E+02
  18 0.8357024E+02
  33 0.8399202E+02
  63 0.8358009E+02
  15 0.8273852E+02
  99 0.8355772E+02
  78 0.8324010E+02
  67 0.8304130E+02
   7 0.8312525E+02
 113 0.8220161E+02
  14 0.8312384E+02
 104 0.8292785E+02
  77 0.8291387E+02
  11 0.8235071E+02
   4 0.8355936E+02
 105 0.8339868E+02
  45 0.8249514E+02
  43 0.8339375E+02
 124 0.4611645E+02
  83 0.8317441E+02
  66 0.8361375E+02
  51 0.8279419E+02
  34 0.8276832E+02
 112 0.8370535E+02
  29 0.8297225E+02
  70 0.8314844E+02
 103 0.8320022E+02
  61 0.8313933E+02
  44 0.8324225E+02
  55 0.8355665E+02
  25 0.8322497E+02
  84 0.8352418E+02
 115 0.8293388E+02
 102 0.8326642E+02
  99 0.8270048E+02
   2 0.8239635E+02
 127 0.8453046E+02
  18 0.8311742E+02
  22 0.8282728E+02
  25 0.6280284E+02
 111 0.8340295E+02
  12 0.4528764E+02
  62 0.8298277E+02
  86 0.8350709E+02
 117 0.8357582E+02
  94 0.8385348E+02
  48 0.8347835E+02
  78 0.8307587E+02
  34 0.8263529E+02
  55 0.7126998E+02
 124 0.8333487E+02
  93 0.8294264E+02
  69 0.8340474E+02
  49 0.8346506E+02
   6 0.8280325E+02
  26 0.8382519E+02
  43 0.7761321E+02
  38 0.8298277E+02
 122 0.8277088E+02
 112 0.8360694E+02
  67 0.8336281E+02
   7 0.8266146E+02
  88 0.8327158E+02
  64 0.8295069E+02
  90 0.8393781E+02
  31 0.8388558E+02
  16 0.8402951E+02
  71 0.8322321E+02
 114 0.8260348E+02
  42 0.8350807E+02
  84 0.5279545E+02
  39 0.8336104E+02
   5 0.8341082E+02
 126 0.8343470E+02
 106 0.8322563E+02
 115 0.8357052E+02
  21 0.8359746E+02
 103 0.8256785E+02
   9 0.8366848E+02
  29 0.8282893E+02
  50 0.8347611E+02
  60 0.8329898E+02
  44 0.8281210E+02
 104 0.8443653E+02
  86 0.7870740E+02
  15 0.8281756E+02
  51 0.8299346E+02
  25 0.8349844E+02
 102 0.8361999E+02
  19 0.8321692E+02
  17 0.8356336E+02
 118 0.8290868E+02
 100 0.8269068E+02
 123 0.8287882E+02
  77 0.8421078E+02
  99 0.8389807E+02
  46 0.8294967E+02
  45 0.8361827E+02
 113 0.8278787E+02
   2 0.8361502E+02
 119 0.8357042E+02
  80 0.8362277E+02
  83 0.8402302E+02
  82 0.8346684E+02
  13 0.8349728E+02
  56 0.8325963E+02
 105 0.8307643E+02
  85 0.8360929E+02
  87 0.8343025E+02
 120 0.8342554E+02
  14 0.1100055E+02
  59 0.8352874E+02
  78 0.3626335E+02
  66 0.8219542E+02
  41 0.8291438E+02
  57 0.8357164E+02
  91 0.8313176E+02
 121 0.8347519E+02
 111 0.8197481E+02
  62 0.8264750E+02
  74 0.8373788E+02
 124 0.8266788E+02
  73 0.8331978E+02
  98 0.8353789E+02
  35 0.8299461E+02
  97 0.8320276E+02
  76 0.8284783E+02
  20 0.8333339E+02
  48 0.8321405E+02
 117 0.8346090E+02
   1 0.8363811E+02
  27 0.8264952E+02
  94 0.8265117E+02
 110 0.8323380E+02
  96 0.8367501E+02
  92 0.8330568E+02
 107 0.8316162E+02
  10 0.8329505E+02
  79 0.8340084E+02
  53 0.8315686E+02
  95 0.8361998E+02
  72 0.8274174E+02
  28 0.8387964E+02
 116 0.8302633E+02
  37 0.8359245E+02
  58 0.8343293E+02
  54 0.8336771E+02
  89 0.8302714E+02
  40 0.8340707E+02
  36 0.8312781E+02
 108 0.8343409E+02
 101 0.8340167E+02
  81 0.8375536E+02
   3 0.8316889E+02
  52 0.8333167E+02
  47 0.8325733E+02
  68 0.8338384E+02
  24 0.8350698E+02
  75 0.8331510E+02
  23 0.8327179E+02
 109 0.8318878E+02
  18 0.8330948E+02
   4 0.8294280E+02
  34 0.8326969E+02
 127 0.8297059E+02
  30 0.8323151E+02
   8 0.8320713E+02
  63 0.8347714E+02
 125 0.8301985E+02
  61 0.8294157E+02
  70 0.8333187E+02
  33 0.8350041E+02
  32 0.8293681E+02
  22 0.8308029E+02
  55 0.8309507E+02
  93 0.8348883E+02
  11 0.8324446E+02
  65 0.8385530E+02
  12 0.8377131E+02
