   1 0.3967363E+02
   1 0.4427962E+02
   1 0.4424384E+02
   1 0.4544408E+02
   1 0.4394143E+02
   1 0.4520867E+02
   1 0.4380263E+02
   1 0.4406638E+02
   1 0.4533639E+02
   1 0.4358788E+02
   1 0.4424953E+02
   1 0.4481338E+02
   1 0.4361061E+02
   1 0.4468946E+02
   1 0.4325315E+02
   1 0.4442094E+02
   1 0.4410363E+02
   1 0.4378182E+02
   1 0.4467110E+02
   1 0.4393070E+02
   1 0.4417412E+02
   1 0.4416642E+02
   1 0.4394542E+02
   1 0.4459683E+02
   1 0.4450203E+02
   1 0.4524606E+02
   1 0.4454671E+02
   1 0.4422312E+02
   1 0.3030860E+02
   1 0.4434590E+02
   1 0.4464143E+02
   1 0.4441302E+02
   1 0.4459092E+02
   1 0.4443018E+02
   1 0.4431828E+02
   1 0.4495862E+02
   1 0.4410841E+02
   1 0.4487198E+02
   1 0.4406814E+02
   1 0.4392600E+02
   1 0.4483066E+02
   1 0.4415955E+02
   1 0.4442752E+02
   1 0.4407256E+02
   1 0.4477878E+02
   1 0.4466079E+02
   1 0.4453269E+02
   1 0.4443572E+02
   1 0.4447334E+02
   1 0.4445819E+02
   1 0.4501433E+02
   1 0.4446748E+02
   1 0.4383028E+02
   1 0.4386970E+02
   1 0.4465506E+02
   1 0.4423371E+02
   1 0.4466422E+02
   1 0.4485779E+02
   1 0.4429154E+02
   1 0.4318228E+02
   1 0.4464122E+02
   1 0.4430392E+02
   1 0.4474399E+02
   1 0.4476768E+02
   1 0.4507706E+02
   1 0.3123352E+02
   1 0.4458812E+02
   1 0.4389830E+02
   1 0.4434064E+02
   1 0.4406590E+02
   1 0.4398555E+02
   1 0.4496579E+02
   1 0.4394771E+02
   1 0.4418025E+02
   1 0.4393117E+02
   1 0.4485249E+02
   1 0.4343222E+02
   1 0.4434060E+02
   1 0.4386654E+02
   1 0.4390609E+02
   1 0.4423405E+02
   1 0.4458730E+02
   1 0.4420748E+02
   1 0.4444486E+02
   1 0.4410248E+02
   1 0.4417654E+02
   1 0.4455434E+02
   1 0.4453324E+02
   1 0.4427587E+02
   1 0.4467006E+02
   1 0.4555237E+02
   1 0.4422026E+02
   1 0.4494653E+02
   1 0.4511613E+02
   1 0.4438551E+02
   1 0.4318011E+02
   1 0.4418477E+02
   1 0.4370875E+02
   1 0.4387116E+02
   1 0.4389344E+02
   1 0.4382158E+02
   1 0.4473003E+02
   1 0.2079890E+02
   1 0.4424228E+02
   1 0.4383882E+02
   1 0.4473644E+02
   1 0.4405560E+02
   1 0.4451504E+02
   1 0.4510037E+02
   1 0.4419691E+02
   1 0.4462006E+02
   1 0.4452234E+02
   1 0.4383497E+02
   1 0.4395543E+02
   1 0.4427856E+02
   1 0.4464844E+02
   1 0.4387690E+02
   1 0.4385138E+02
   1 0.4377847E+02
   1 0.4406630E+02
   1 0.4424778E+02
   1 0.4428277E+02
   1 0.4480542E+02
   1 0.4407368E+02
   1 0.4441287E+02
   1 0.4389958E+02
   1 0.4411824E+02
   1 0.4437174E+02
   1 0.4407302E+02
   1 0.4370949E+02
   1 0.4422555E+02
   1 0.4470538E+02
   1 0.4347775E+02
   1 0.4417051E+02
   1 0.4514966E+02
   1 0.4430768E+02
   1 0.4411602E+02
   1 0.4484124E+02
   1 0.4406043E+02
   1 0.4471620E+02
   1 0.4433680E+02
   1 0.4393718E+02
   1 0.4442621E+02
   1 0.4407727E+02
   1 0.4508084E+02
   1 0.4433726E+02
   1 0.4388019E+02
   1 0.4429306E+02
   1 0.4463920E+02
   1 0.4512191E+02
   1 0.4410244E+02
   1 0.4389710E+02
   1 0.4436857E+02
   1 0.4503292E+02
   1 0.4393756E+02
   1 0.4392590E+02
   1 0.4471951E+02
   1 0.4482021E+02
   1 0.4486296E+02
   1 0.4344493E+02
   1 0.4467044E+02
   1 0.4427705E+02
   1 0.4462869E+02
   1 0.4413707E+02
   1 0.4404415E+02
   1 0.4438874E+02
   1 0.4441247E+02
   1 0.4443081E+02
   1 0.4424623E+02
   1 0.4482914E+02
   1 0.4488548E+02
   1 0.4447034E+02
   1 0.4463558E+02
   1 0.4439604E+02
   1 0.4413307E+02
   1 0.4443059E+02
   1 0.4451684E+02
   1 0.4357399E+02
   1 0.4485049E+02
   1 0.4386525E+02
   1 0.4445219E+02
   1 0.4384874E+02
   1 0.4462581E+02
   1 0.4394799E+02
   1 0.4421370E+02
   1 0.4493431E+02
   1 0.4443707E+02
   1 0.4490097E+02
   1 0.4375664E+02
   1 0.4462394E+02
   1 0.4420385E+02
   1 0.4395761E+02
   1 0.4336230E+02
   1 0.4369131E+02
   1 0.4551979E+02
   1 0.4398026E+02
   1 0.4399696E+02
   1 0.4428105E+02
   1 0.4376196E+02
   1 0.4436734E+02
   1 0.4374509E+02
   1 0.4454862E+02
   1 0.4443117E+02
   1 0.4496559E+02
   1 0.4470221E+02
   1 0.4506783E+02
   1 0.4430897E+02
   1 0.4441164E+02
   1 0.4436063E+02
   1 0.4470608E+02
   1 0.4497467E+02
   1 0.4392527E+02
   1 0.4390906E+02
   1 0.4453033E+02
   1 0.4381134E+02
   1 0.4506208E+02
   1 0.4465312E+02
   1 0.3895070E+02
   1 0.1983391E+02
   1 0.4380284E+02
   1 0.4465788E+02
   1 0.4391491E+02
   1 0.4370070E+02
   1 0.4463188E+02
   1 0.4573590E+02
   1 0.4398097E+02
   1 0.4422402E+02
   1 0.4442472E+02
   1 0.4368091E+02
   1 0.4445078E+02
   1 0.4386518E+02
   1 0.4442406E+02
   1 0.4445964E+02
   1 0.3720164E+02
   1 0.4462645E+02
   1 0.4441763E+02
   1 0.4376519E+02
   1 0.4454676E+02
   1 0.4384072E+02
   1 0.4515758E+02
   1 0.4394938E+02
   1 0.4472032E+02
   1 0.4444879E+02
   1 0.4372382E+02
   1 0.4473070E+02
   1 0.4437122E+02
   1 0.4472966E+02
   1 0.4403824E+02
   1 0.4400399E+02
   1 0.4384121E+02
   1 0.4321665E+02
   1 0.4446164E+02
   1 0.4455781E+02
   1 0.4301565E+02
   1 0.4457132E+02
   1 0.4375037E+02
   3 0.4527249E+02
   2 0.4402089E+02
   3 0.4520560E+02
   2 0.4354451E+02
   1 0.4483321E+02
   3 0.4445541E+02
   2 0.4433939E+02
   1 0.4447219E+02
   1 0.4331190E+02
   3 0.4533706E+02
   2 0.4388792E+02
   1 0.4405594E+02
   3 0.4354642E+02
   2 0.4451423E+02
   2 0.4361186E+02
   1 0.4441131E+02
   3 0.4439431E+02
   2 0.4403026E+02
   1 0.4392491E+02
   3 0.4355241E+02
   2 0.4419762E+02
   2 0.4457424E+02
   1 0.4482984E+02
   3 0.4439384E+02
   2 0.4407831E+02
   1 0.4447938E+02
   2 0.4490630E+02
   3 0.4406792E+02
   3 0.4439356E+02
   1 0.4407717E+02
   2 0.4346314E+02
   3 0.4466135E+02
   3 0.4440156E+02
   1 0.4399092E+02
   2 0.4472536E+02
   3 0.4460122E+02
   3 0.4443523E+02
   2 0.4484647E+02
   1 0.4442349E+02
   2 0.4442025E+02
   1 0.4415785E+02
   3 0.4509450E+02
   3 0.4527115E+02
   1 0.4441299E+02
   2 0.4418639E+02
   3 0.4445765E+02
   1 0.4446676E+02
   2 0.4416233E+02
   2 0.4432011E+02
   2 0.4366270E+02
   2 0.4421729E+02
   3 0.4417844E+02
   1 0.4418431E+02
   3 0.4447131E+02
   2 0.4437691E+02
   1 0.4420873E+02
   1 0.4388535E+02
   2 0.4384878E+02
   3 0.4363749E+02
   1 0.4361668E+02
   2 0.4456962E+02
   3 0.4412363E+02
   2 0.4452699E+02
   2 0.4525924E+02
   1 0.4456086E+02
   2 0.4450170E+02
   3 0.4393975E+02
   1 0.4510378E+02
   2 0.4436882E+02
   3 0.4405590E+02
   2 0.4399091E+02
   1 0.4361122E+02
   1 0.4368851E+02
   3 0.4411264E+02
   2 0.4443024E+02
   2 0.4586751E+02
   1 0.4415337E+02
   3 0.4412628E+02
   2 0.4415824E+02
   1 0.4464496E+02
   2 0.4477390E+02
   3 0.4418854E+02
   2 0.4488785E+02
   1 0.4469197E+02
   3 0.4384072E+02
   2 0.4445846E+02
   3 0.4379976E+02
   1 0.4429136E+02
   2 0.4462063E+02
   3 0.4435430E+02
   3 0.4419617E+02
   1 0.4432033E+02
   2 0.4409096E+02
   3 0.4432560E+02
   1 0.4396447E+02
   2 0.4423787E+02
   3 0.4480029E+02
   1 0.4470242E+02
   2 0.4433822E+02
   3 0.4401527E+02
   1 0.4417772E+02
   1 0.1725539E+02
   2 0.4451698E+02
   3 0.4443221E+02
   1 0.4413930E+02
   2 0.4471901E+02
   2 0.4411855E+02
   3 0.4392245E+02
   1 0.4413277E+02
   1 0.4380533E+02
   2 0.4461354E+02
   3 0.4444667E+02
   1 0.4383071E+02
   2 0.4439666E+02
   1 0.4400912E+02
   3 0.4428394E+02
   2 0.4379942E+02
   1 0.4438196E+02
   3 0.4486770E+02
   2 0.4383619E+02
   1 0.4460023E+02
   3 0.4318660E+02
   2 0.4440940E+02
   1 0.4413037E+02
   3 0.4436908E+02
   2 0.4464568E+02
   1 0.4387394E+02
   3 0.4405248E+02
   3 0.4430196E+02
   2 0.4423639E+02
   1 0.4489338E+02
   2 0.4476776E+02
   1 0.4506971E+02
   3 0.4447871E+02
   1 0.4465711E+02
   3 0.4412310E+02
   2 0.4411499E+02
   3 0.4431536E+02
   1 0.4438181E+02
   3 0.4464992E+02
   2 0.4436278E+02
   2 0.4499281E+02
   2 0.4521792E+02
   1 0.4408036E+02
   3 0.4396608E+02
   2 0.4345561E+02
   1 0.4498859E+02
   3 0.4476451E+02
   2 0.4465281E+02
   1 0.4435316E+02
   3 0.4405124E+02
   2 0.4456124E+02
   1 0.4449409E+02
   3 0.4420410E+02
   2 0.4459623E+02
   1 0.4485305E+02
   2 0.4377175E+02
   3 0.4434545E+02
   1 0.4468113E+02
   1 0.4481336E+02
   2 0.4420062E+02
   3 0.4471681E+02
   1 0.4484111E+02
   2 0.4414822E+02
   3 0.4389204E+02
   3 0.4568891E+02
   1 0.4457646E+02
   2 0.4393256E+02
   3 0.3693436E+02
   1 0.4453489E+02
   2 0.4488895E+02
   3 0.4382119E+02
   2 0.4489604E+02
   1 0.4334907E+02
   3 0.4425142E+02
   1 0.4487790E+02
   1 0.4324616E+02
   2 0.4445063E+02
   3 0.4370466E+02
   2 0.4459547E+02
   1 0.4415465E+02
   1 0.4574604E+02
   1 0.4397147E+02
   3 0.4430728E+02
   2 0.4405452E+02
   1 0.4457737E+02
   3 0.4479477E+02
   2 0.4443112E+02
   1 0.4382938E+02
   3 0.4461699E+02
   2 0.4411998E+02
   1 0.4371000E+02
   3 0.4425543E+02
   2 0.4436065E+02
   1 0.4483341E+02
   2 0.4471468E+02
   3 0.4418387E+02
   1 0.4387660E+02
   2 0.4396786E+02
   3 0.4423868E+02
   2 0.4426388E+02
   1 0.4383066E+02
   3 0.4388771E+02
   1 0.4391045E+02
   2 0.4460323E+02
   2 0.4404570E+02
   3 0.4469480E+02
   1 0.4445820E+02
   3 0.4579597E+02
   2 0.4420152E+02
   3 0.4410298E+02
   1 0.4432668E+02
   2 0.4447045E+02
   3 0.4465150E+02
   2 0.4420891E+02
   2 0.1486553E+02
   1 0.4497352E+02
   3 0.4410761E+02
   2 0.4317233E+02
   2 0.4519155E+02
   1 0.4438917E+02
   1 0.4480269E+02
   3 0.4429858E+02
   1 0.4372715E+02
   1 0.4499010E+02
   2 0.4455264E+02
   3 0.4402635E+02
   1 0.4484709E+02
   2 0.4369495E+02
   3 0.4349209E+02
   1 0.4450654E+02
   1 0.4518049E+02
   2 0.4390741E+02
   3 0.4473150E+02
   3 0.4580145E+02
   1 0.4341155E+02
   2 0.4346689E+02
   3 0.4451955E+02
   1 0.4480274E+02
   2 0.4377578E+02
   3 0.4446801E+02
   1 0.4420614E+02
   2 0.4487034E+02
   3 0.4409429E+02
   1 0.4479031E+02
   2 0.4434170E+02
   3 0.4440327E+02
   1 0.4359486E+02
   2 0.4356303E+02
   3 0.4442697E+02
   1 0.4481008E+02
   2 0.4434930E+02
   3 0.4466786E+02
   1 0.4397736E+02
   3 0.4510432E+02
   2 0.4406046E+02
   2 0.4330603E+02
   6 0.4417815E+02
   2 0.4362806E+02
   3 0.4370876E+02
   1 0.4442644E+02
   7 0.4396689E+02
   5 0.4370519E+02
   6 0.4390722E+02
   4 0.4389221E+02
   2 0.4408482E+02
   2 0.4457074E+02
   3 0.4444264E+02
   7 0.4428480E+02
   1 0.4402705E+02
   5 0.4495632E+02
   3 0.3607527E+02
   7 0.4486612E+02
   6 0.4437656E+02
   5 0.4462417E+02
   7 0.3863955E+02
   4 0.4416455E+02
   2 0.4439440E+02
   2 0.4429254E+02
   1 0.4418603E+02
   3 0.4423602E+02
   1 0.4499001E+02
   6 0.4374604E+02
   5 0.4451953E+02
   7 0.4442599E+02
   6 0.4467982E+02
   4 0.4428906E+02
   2 0.4399572E+02
   3 0.4475064E+02
   1 0.4452302E+02
   7 0.4493109E+02
   5 0.4462016E+02
   3 0.4443095E+02
   1 0.4468870E+02
   6 0.4393833E+02
   7 0.1632113E+02
   4 0.4435864E+02
   6 0.4497342E+02
   6 0.2841828E+02
   2 0.4479017E+02
   5 0.4401011E+02
   3 0.4496444E+02
   1 0.4436632E+02
   7 0.4469894E+02
   4 0.4420302E+02
   6 0.4473821E+02
   2 0.4461182E+02
   2 0.4527896E+02
   3 0.4430983E+02
   5 0.4359902E+02
   1 0.4443435E+02
   7 0.4449093E+02
   4 0.4460805E+02
   6 0.4442370E+02
   2 0.4439501E+02
   5 0.4458498E+02
   3 0.4486092E+02
   1 0.4450662E+02
   7 0.4498143E+02
   4 0.4418858E+02
   6 0.4452391E+02
   2 0.4443470E+02
   5 0.4367781E+02
   1 0.4497412E+02
   3 0.4412998E+02
   7 0.4407428E+02
   4 0.4457835E+02
   7 0.4517619E+02
   6 0.4380403E+02
   2 0.4356326E+02
   1 0.4472238E+02
   5 0.4417459E+02
   3 0.4515067E+02
   1 0.4501595E+02
   5 0.4437817E+02
   4 0.4374501E+02
   7 0.4374555E+02
   5 0.4438066E+02
   6 0.4485351E+02
   5 0.4425120E+02
   2 0.4469390E+02
   3 0.4462261E+02
   2 0.4607084E+02
   1 0.4406478E+02
   4 0.4460230E+02
   7 0.4409419E+02
   6 0.4504321E+02
   7 0.4408435E+02
   5 0.4444968E+02
   3 0.4511913E+02
   2 0.4518241E+02
   1 0.4407752E+02
   2 0.4456322E+02
   1 0.4450513E+02
   4 0.4468998E+02
   6 0.4414694E+02
   4 0.4475381E+02
   6 0.4544744E+02
   7 0.4419045E+02
   5 0.4356517E+02
   3 0.4465357E+02
   2 0.4440584E+02
   1 0.4484087E+02
   2 0.4099626E+02
   4 0.4540071E+02
   7 0.4434066E+02
   6 0.4450427E+02
   5 0.4428202E+02
   6 0.4453631E+02
   7 0.4322315E+02
   3 0.4413022E+02
   1 0.4449412E+02
   2 0.4431984E+02
   1 0.4452229E+02
   4 0.4411625E+02
   2 0.4498314E+02
   5 0.4349989E+02
   6 0.4492355E+02
   7 0.4421400E+02
   5 0.4467756E+02
   3 0.4517802E+02
   5 0.4458252E+02
   1 0.4403058E+02
   4 0.4453398E+02
   2 0.4433292E+02
   6 0.4499198E+02
   7 0.4361144E+02
   3 0.4423794E+02
   5 0.4424521E+02
   7 0.4466474E+02
   7 0.4545055E+02
   5 0.4397458E+02
   1 0.4375577E+02
   4 0.4474030E+02
   2 0.4444004E+02
   6 0.4395507E+02
   2 0.4455908E+02
   3 0.4433295E+02
   3 0.4492110E+02
   7 0.4373578E+02
   5 0.4424918E+02
   1 0.4403098E+02
   4 0.4438983E+02
   6 0.4401649E+02
   4 0.4428778E+02
   2 0.4437528E+02
   2 0.4436722E+02
   3 0.4485159E+02
   7 0.4465798E+02
   5 0.4423932E+02
   1 0.4376490E+02
   1 0.2630806E+02
   6 0.4404615E+02
   4 0.4383232E+02
   4 0.4276180E+02
   2 0.4405977E+02
   3 0.4424889E+02
   7 0.4378881E+02
   2 0.2387674E+02
   3 0.4540964E+02
   4 0.4450536E+02
   5 0.4360409E+02
   1 0.4443270E+02
   6 0.4478103E+02
   6 0.4539323E+02
   2 0.4422732E+02
   7 0.4433919E+02
   3 0.4456116E+02
   4 0.4442288E+02
   5 0.4378721E+02
   2 0.4445050E+02
   1 0.4531487E+02
   6 0.4441619E+02
   7 0.4467180E+02
   4 0.4416172E+02
   5 0.4433350E+02
   3 0.4435975E+02
   2 0.4456672E+02
   1 0.4443183E+02
   2 0.4343050E+02
   2 0.4523976E+02
   6 0.4464766E+02
   6 0.4463739E+02
   7 0.4431838E+02
   5 0.4422294E+02
   4 0.4428422E+02
   3 0.4412099E+02
   5 0.4463334E+02
   4 0.4482760E+02
   1 0.4391295E+02
   1 0.4500240E+02
   4 0.4338994E+02
   5 0.4300177E+02
   2 0.4450640E+02
   1 0.4568601E+02
   6 0.4447344E+02
   7 0.4394686E+02
   3 0.4437888E+02
   4 0.4464691E+02
   5 0.4493013E+02
   2 0.4449857E+02
   1 0.4472376E+02
   6 0.4352383E+02
   2 0.4453713E+02
   1 0.4454384E+02
   7 0.4383849E+02
   3 0.4384410E+02
   7 0.4362411E+02
   5 0.4461214E+02
   4 0.4464049E+02
   5 0.4511602E+02
   2 0.4452591E+02
   1 0.4426840E+02
   6 0.4412167E+02
   1 0.4391110E+02
   3 0.4470558E+02
   2 0.4308523E+02
   7 0.4465499E+02
   4 0.4431003E+02
   5 0.4366703E+02
   5 0.4421051E+02
   6 0.4449480E+02
   1 0.4415845E+02
   3 0.4426654E+02
   2 0.4451161E+02
   7 0.4415522E+02
   3 0.4415520E+02
   4 0.4500056E+02
   6 0.4432112E+02
   5 0.4386486E+02
   1 0.4533769E+02
   2 0.4410734E+02
   6 0.4310603E+02
   7 0.4341912E+02
   3 0.4412275E+02
   7 0.4412908E+02
   4 0.4470876E+02
   7 0.4424830E+02
   5 0.4385997E+02
   1 0.4451756E+02
   2 0.4445026E+02
   6 0.4384363E+02
   1 0.4488825E+02
   3 0.4445454E+02
   2 0.4517601E+02
   1 0.4534650E+02
   7 0.4408937E+02
   4 0.4453964E+02
   5 0.4381180E+02
   6 0.4373611E+02
   3 0.4423955E+02
   2 0.4435207E+02
   5 0.4423880E+02
   7 0.4524057E+02
  12 0.4502147E+02
   6 0.4430864E+02
  14 0.4438947E+02
   7 0.4467621E+02
   5 0.4463023E+02
   5 0.4398784E+02
  13 0.4370069E+02
  11 0.4499511E+02
   3 0.4424742E+02
  15 0.4375908E+02
   6 0.4382302E+02
   1 0.4417563E+02
  10 0.4477607E+02
   9 0.4362833E+02
   6 0.4406239E+02
  12 0.4426144E+02
   7 0.4397244E+02
   5 0.4394705E+02
   6 0.4408962E+02
   7 0.4421947E+02
   6 0.4394701E+02
  13 0.4396798E+02
   5 0.4404552E+02
  11 0.4387308E+02
   3 0.4434605E+02
  15 0.4373235E+02
   5 0.4427350E+02
   1 0.4426173E+02
  10 0.4421024E+02
   9 0.4432789E+02
  15 0.4468602E+02
  12 0.4458560E+02
   5 0.4379512E+02
   7 0.4404304E+02
   8 0.4475993E+02
   2 0.4402823E+02
   6 0.4429171E+02
   4 0.4369739E+02
   2 0.4577198E+02
   5 0.4458024E+02
  14 0.4450643E+02
  11 0.4430258E+02
   3 0.4463646E+02
   4 0.4418877E+02
   7 0.4456467E+02
  13 0.4389698E+02
   1 0.4428907E+02
   9 0.4475805E+02
   6 0.4473983E+02
  11 0.4349176E+02
   2 0.4350372E+02
  10 0.4421149E+02
  15 0.4488009E+02
  12 0.4463770E+02
  13 0.4489898E+02
   5 0.4463941E+02
  11 0.4350160E+02
   4 0.4444086E+02
   7 0.4494932E+02
  11 0.4469997E+02
   6 0.4371212E+02
   4 0.4383558E+02
   3 0.4427898E+02
   5 0.4418461E+02
   9 0.4390400E+02
   1 0.4427105E+02
  10 0.4515099E+02
   7 0.4498992E+02
  15 0.4416158E+02
  12 0.4461711E+02
   6 0.4401676E+02
  13 0.4446610E+02
  11 0.4433789E+02
   5 0.4422891E+02
   7 0.4461079E+02
   8 0.4447959E+02
   3 0.4427078E+02
   6 0.4361631E+02
   9 0.4369987E+02
   1 0.4374998E+02
  10 0.4438140E+02
  14 0.4424068E+02
  15 0.4499959E+02
   5 0.4472727E+02
  12 0.4432214E+02
  13 0.4425405E+02
   7 0.4499943E+02
  11 0.4461977E+02
   6 0.4367104E+02
   7 0.1398128E+02
   2 0.4419867E+02
   6 0.4335911E+02
   6 0.4480411E+02
   3 0.4355072E+02
   2 0.4617315E+02
   5 0.4381075E+02
   9 0.4350315E+02
   1 0.4460342E+02
   4 0.4427013E+02
   9 0.4541305E+02
   7 0.4484009E+02
   1 0.4517642E+02
   2 0.4360886E+02
  15 0.4471802E+02
  10 0.4446507E+02
  11 0.4395474E+02
  12 0.4450901E+02
   6 0.4437129E+02
  15 0.4462959E+02
  13 0.4429362E+02
   5 0.4462493E+02
   5 0.4509800E+02
   3 0.4553982E+02
   5 0.4518643E+02
   7 0.4453995E+02
   3 0.1123114E+02
   5 0.4439012E+02
   6 0.4402620E+02
   1 0.4431273E+02
   9 0.4389065E+02
   1 0.4439475E+02
  10 0.4409020E+02
   9 0.4366658E+02
  11 0.4404492E+02
   8 0.4443089E+02
   7 0.4530945E+02
  15 0.4476454E+02
  12 0.4436124E+02
  13 0.4475149E+02
   5 0.4460418E+02
   6 0.4481714E+02
  14 0.4372104E+02
  11 0.4391608E+02
  13 0.4435534E+02
   3 0.4445638E+02
  13 0.4451620E+02
   3 0.4518217E+02
   7 0.4438966E+02
   1 0.4389120E+02
   5 0.4425399E+02
  13 0.4460167E+02
   6 0.4401613E+02
  10 0.4407663E+02
   9 0.4415043E+02
  15 0.4398572E+02
  12 0.4423468E+02
  10 0.4403321E+02
   9 0.4495748E+02
  11 0.4397220E+02
   7 0.4430281E+02
   2 0.4416528E+02
   4 0.4362382E+02
   5 0.4432316E+02
   6 0.4460000E+02
   2 0.4483354E+02
   3 0.4463464E+02
   1 0.4400865E+02
  13 0.4424612E+02
   7 0.4400034E+02
  15 0.4419878E+02
  12 0.4426076E+02
   5 0.4458823E+02
  10 0.4457666E+02
   9 0.4439639E+02
   6 0.4514956E+02
   5 0.4387245E+02
  11 0.4427477E+02
  12 0.4481402E+02
   5 0.4516585E+02
   9 0.4535398E+02
   8 0.4429459E+02
  11 0.4476427E+02
  12 0.4350495E+02
   7 0.4382374E+02
   3 0.4413471E+02
  14 0.4415368E+02
   1 0.4408802E+02
  13 0.4415786E+02
   6 0.4472481E+02
   3 0.4448245E+02
   1 0.4479239E+02
   5 0.4465624E+02
  15 0.4508708E+02
  10 0.4470687E+02
   7 0.4409317E+02
  15 0.4420179E+02
   9 0.4429975E+02
   6 0.4418353E+02
  11 0.4437205E+02
  12 0.4465936E+02
   5 0.4467946E+02
  13 0.4476836E+02
   7 0.4435766E+02
   4 0.4387773E+02
   3 0.4399848E+02
   7 0.4326852E+02
   1 0.4361009E+02
   3 0.4388236E+02
   2 0.4400988E+02
   7 0.4380775E+02
   6 0.4426001E+02
   5 0.4409090E+02
  10 0.4365577E+02
  12 0.4472036E+02
  15 0.4373295E+02
  10 0.4261117E+02
  12 0.4393063E+02
   9 0.4406077E+02
  11 0.4412269E+02
   4 0.4452601E+02
   7 0.4438787E+02
  11 0.1602597E+02
   6 0.4507119E+02
   8 0.4439321E+02
   5 0.4429309E+02
   1 0.4425696E+02
   3 0.4464955E+02
  12 0.4359727E+02
   8 0.4420790E+02
  14 0.4437324E+02
  12 0.4484560E+02
   7 0.4444240E+02
   3 0.4351329E+02
   6 0.4421661E+02
   4 0.4513119E+02
  15 0.4461166E+02
   5 0.4449869E+02
  10 0.4368432E+02
   3 0.4545848E+02
   9 0.4487518E+02
   4 0.4499525E+02
   3 0.4531716E+02
  11 0.4464244E+02
  15 0.4426385E+02
   3 0.4494644E+02
  12 0.4399909E+02
   7 0.4462186E+02
   1 0.4424200E+02
   6 0.4458348E+02
   7 0.4541594E+02
   3 0.4501850E+02
   5 0.4472602E+02
  13 0.4444885E+02
   4 0.4441300E+02
   2 0.4452460E+02
  10 0.4511167E+02
  12 0.4378804E+02
   9 0.4411984E+02
   6 0.4419807E+02
  15 0.4502489E+02
  11 0.4386385E+02
   1 0.4357529E+02
   8 0.4481051E+02
  14 0.4438347E+02
   2 0.4470863E+02
   3 0.4572912E+02
   4 0.4509620E+02
  11 0.4440957E+02
   5 0.4365183E+02
  10 0.4330910E+02
   4 0.4492690E+02
   5 0.4477300E+02
  10 0.4473632E+02
  18 0.4366630E+02
  25 0.4395679E+02
   9 0.4510712E+02
   8 0.4455144E+02
   1 0.4402372E+02
  21 0.4455581E+02
  12 0.4473462E+02
   2 0.4453115E+02
   3 0.4485501E+02
  15 0.4370007E+02
   7 0.4432471E+02
  24 0.4420513E+02
   2 0.4417098E+02
  24 0.1358850E+02
   5 0.4392512E+02
  18 0.4405093E+02
  10 0.4387179E+02
   4 0.4382723E+02
  24 0.4449349E+02
   9 0.4383184E+02
  24 0.1193113E+02
   8 0.4407934E+02
   1 0.4511006E+02
  21 0.4381915E+02
  25 0.4456483E+02
  12 0.4435326E+02
  28 0.4474835E+02
   4 0.4371563E+02
  15 0.4475951E+02
   3 0.4457181E+02
  19 0.4465730E+02
  18 0.4490422E+02
   7 0.4372237E+02
  25 0.4413334E+02
   5 0.4444162E+02
  12 0.4512626E+02
  25 0.4472509E+02
   2 0.4375883E+02
   6 0.4408494E+02
  29 0.4411526E+02
   5 0.4465168E+02
  10 0.4370989E+02
   8 0.4495293E+02
   9 0.4463213E+02
   4 0.4475605E+02
   9 0.4537567E+02
  28 0.4380006E+02
   3 0.4369162E+02
   1 0.4497766E+02
  14 0.4423761E+02
  17 0.4409738E+02
  12 0.4417179E+02
   7 0.4467314E+02
  15 0.4434628E+02
  31 0.4481032E+02
  12 0.3402746E+02
  29 0.4487777E+02
  18 0.4475100E+02
  24 0.4430127E+02
  29 0.4504012E+02
  27 0.4472764E+02
   3 0.4409605E+02
   6 0.4407835E+02
   2 0.4454870E+02
  27 0.4541735E+02
  21 0.4469551E+02
  29 0.4427625E+02
  22 0.4458830E+02
  14 0.4461461E+02
   1 0.4390565E+02
  29 0.4501369E+02
  23 0.4385389E+02
   8 0.4352292E+02
   9 0.4513293E+02
  15 0.4388286E+02
  12 0.4386821E+02
  31 0.4436233E+02
  28 0.4463256E+02
  15 0.4611504E+02
  17 0.4379793E+02
   6 0.4447767E+02
  10 0.4446120E+02
  17 0.9094475E+01
   7 0.4426262E+02
  19 0.4389100E+02
   2 0.4436197E+02
  25 0.4371035E+02
   1 0.4455985E+02
  29 0.4423574E+02
   6 0.4496073E+02
  25 0.4423670E+02
  20 0.4479849E+02
   5 0.4376080E+02
   3 0.4532021E+02
  23 0.4358895E+02
   9 0.4499458E+02
  18 0.4420545E+02
   4 0.4478660E+02
  14 0.4445133E+02
  13 0.4417857E+02
  21 0.4394543E+02
  12 0.4428275E+02
  27 0.4490132E+02
  20 0.4484699E+02
   7 0.4420808E+02
   8 0.4502916E+02
  17 0.4509800E+02
  20 0.4511140E+02
   2 0.4458865E+02
  12 0.4491462E+02
   1 0.4440770E+02
   3 0.4459083E+02
  15 0.4436269E+02
   5 0.4392161E+02
  16 0.4398126E+02
  10 0.4466626E+02
   6 0.4450353E+02
  31 0.4398073E+02
  18 0.4381790E+02
  24 0.4368538E+02
  28 0.4417286E+02
  11 0.4327075E+02
  20 0.4482894E+02
  27 0.4370456E+02
  21 0.4441626E+02
  17 0.4456950E+02
  16 0.4364513E+02
   9 0.4490850E+02
  10 0.4325141E+02
  21 0.4356898E+02
   8 0.4382286E+02
  12 0.4485202E+02
   2 0.4389563E+02
  20 0.4434459E+02
  25 0.4428423E+02
  17 0.4380021E+02
   7 0.4406864E+02
  29 0.4362825E+02
  19 0.4438680E+02
  12 0.4435071E+02
  14 0.4399415E+02
   8 0.4506617E+02
   4 0.4419874E+02
  17 0.4369416E+02
  23 0.4392192E+02
  24 0.4421627E+02
   8 0.4461631E+02
  30 0.4394641E+02
  18 0.4431012E+02
   1 0.4359246E+02
   9 0.4423863E+02
  15 0.4442214E+02
  26 0.4482335E+02
   8 0.4534236E+02
  30 0.4551632E+02
  24 0.3085709E+02
   5 0.4417054E+02
  20 0.4362649E+02
   7 0.4359681E+02
  19 0.4485545E+02
   5 0.4547998E+02
   3 0.4391970E+02
  21 0.4411332E+02
   6 0.4477452E+02
  29 0.4517068E+02
   3 0.4434621E+02
   5 0.4473357E+02
  30 0.3559026E+02
  21 0.4427704E+02
   6 0.4405740E+02
  26 0.4377890E+02
  23 0.4460284E+02
  31 0.4541870E+02
  10 0.4343016E+02
   9 0.4398034E+02
  15 0.4461298E+02
   8 0.4454760E+02
   4 0.4395506E+02
  11 0.4453213E+02
   1 0.4474895E+02
  18 0.4455652E+02
  30 0.4502233E+02
  17 0.4394286E+02
   8 0.4400290E+02
  14 0.4408768E+02
  12 0.4348281E+02
  20 0.4483928E+02
  11 0.4503492E+02
  27 0.4467255E+02
  21 0.4396616E+02
  18 0.4447000E+02
  22 0.4431927E+02
  24 0.4390101E+02
   2 0.4401702E+02
  25 0.4370731E+02
  29 0.4479965E+02
   7 0.4411378E+02
   5 0.4394271E+02
   3 0.4419029E+02
  10 0.4373054E+02
   1 0.4424212E+02
  12 0.4448770E+02
   8 0.4402021E+02
  15 0.4375911E+02
  28 0.4371781E+02
  31 0.4426884E+02
  13 0.4435158E+02
   9 0.4441843E+02
  14 0.4394288E+02
  25 0.4375297E+02
  27 0.4445677E+02
  16 0.4452273E+02
  23 0.4441724E+02
   6 0.4412120E+02
   5 0.4375309E+02
   4 0.4470280E+02
   7 0.4436654E+02
  24 0.4367358E+02
   2 0.4485789E+02
   5 0.4490059E+02
  26 0.4419144E+02
  20 0.4409710E+02
  17 0.4422456E+02
  15 0.4372260E+02
  18 0.4418450E+02
  11 0.4429768E+02
  29 0.4425665E+02
   1 0.4427234E+02
  21 0.4425067E+02
  28 0.4480301E+02
   8 0.4376843E+02
  12 0.4398441E+02
  31 0.4393717E+02
  23 0.4405063E+02
  22 0.4427555E+02
  10 0.4415709E+02
  19 0.4465661E+02
   3 0.4488689E+02
   9 0.4406362E+02
   6 0.4418936E+02
  25 0.4394525E+02
  14 0.4456424E+02
   4 0.4457215E+02
  16 0.4402477E+02
  27 0.4453738E+02
  30 0.4361912E+02
  13 0.4427128E+02
   4 0.4360455E+02
  12 0.3291203E+02
   3 0.4498510E+02
   5 0.4431217E+02
   4 0.4311692E+02
  19 0.4437504E+02
  12 0.4483863E+02
  29 0.4448368E+02
  28 0.4433723E+02
  13 0.4509025E+02
   9 0.4434350E+02
  20 0.4471510E+02
   6 0.4435801E+02
   9 0.4168361E+02
  11 0.4502324E+02
  34 0.4406737E+02
   7 0.4406895E+02
   6 0.3939014E+02
  30 0.4371036E+02
  15 0.4406712E+02
  23 0.4480229E+02
  11 0.4519476E+02
   5 0.4517305E+02
  19 0.4399100E+02
  34 0.4462035E+02
  15 0.4565356E+02
  23 0.3988013E+02
  12 0.4425815E+02
  34 0.4458314E+02
  29 0.4490223E+02
  28 0.4512468E+02
  13 0.4361581E+02
  20 0.4480344E+02
  12 0.4450928E+02
   9 0.4386099E+02
  12 0.4502933E+02
  19 0.4450094E+02
  31 0.4511910E+02
   7 0.4447805E+02
  30 0.4426297E+02
  12 0.4536400E+02
   5 0.4417866E+02
   6 0.4437658E+02
  11 0.4485531E+02
  23 0.4457614E+02
   4 0.4369683E+02
   5 0.4474152E+02
  13 0.4418258E+02
   6 0.4346594E+02
  20 0.4394665E+02
  49 0.4136195E+02
   9 0.4403809E+02
  13 0.4556458E+02
  52 0.4427771E+02
  34 0.4403879E+02
  15 0.4426524E+02
  19 0.4441019E+02
  42 0.4515366E+02
  28 0.4445121E+02
   7 0.4480847E+02
  31 0.4422376E+02
  28 0.4462161E+02
  30 0.4397851E+02
  29 0.4423696E+02
  11 0.4346750E+02
  12 0.4435330E+02
  23 0.4416921E+02
  18 0.4522212E+02
  11 0.4447343E+02
  30 0.4481025E+02
   6 0.4415546E+02
   5 0.4505246E+02
  20 0.4480315E+02
  13 0.4381627E+02
   9 0.4449609E+02
  19 0.4436676E+02
  15 0.4498924E+02
   7 0.4396281E+02
  28 0.4407837E+02
  30 0.4572641E+02
  31 0.4420256E+02
  34 0.4544825E+02
   4 0.4381569E+02
  34 0.4473713E+02
  23 0.4437415E+02
  11 0.4456788E+02
  28 0.4479724E+02
  13 0.4380552E+02
  19 0.4436016E+02
  20 0.4459084E+02
   6 0.4398893E+02
  19 0.4438733E+02
  62 0.4507755E+02
  22 0.4488100E+02
  13 0.4431373E+02
  12 0.4423666E+02
  29 0.4443548E+02
   7 0.4426970E+02
  38 0.4503768E+02
  10 0.4449218E+02
   5 0.4404076E+02
  31 0.4432366E+02
   6 0.4455438E+02
  30 0.4444300E+02
  15 0.4417544E+02
   5 0.4551566E+02
  12 0.3632161E+02
  49 0.4487279E+02
  20 0.4409708E+02
   9 0.4498828E+02
  33 0.4371377E+02
  19 0.4421749E+02
  38 0.4501132E+02
   9 0.4391238E+02
  40 0.4430285E+02
  32 0.4414367E+02
   2 0.4404499E+02
  28 0.4402636E+02
  13 0.4430574E+02
  34 0.4413025E+02
  23 0.4406091E+02
   7 0.4427255E+02
  23 0.3595323E+02
  28 0.4452699E+02
  19 0.4388459E+02
   4 0.4483286E+02
  45 0.4448576E+02
  20 0.4429101E+02
  12 0.4448598E+02
  37 0.4419803E+02
  36 0.4446418E+02
  56 0.4399897E+02
  39 0.4428562E+02
  33 0.4440072E+02
   5 0.4410229E+02
  32 0.4357746E+02
   7 0.4476254E+02
   2 0.4400271E+02
  56 0.2858045E+01
  23 0.4487561E+02
  19 0.4471802E+02
  53 0.4392749E+02
  19 0.4423743E+02
  40 0.4415329E+02
   5 0.4371011E+02
  13 0.4438842E+02
  55 0.4431312E+02
  47 0.4419516E+02
  29 0.4425768E+02
  31 0.4452465E+02
  12 0.4381643E+02
  20 0.4473998E+02
  53 0.1662173E+02
   9 0.4399119E+02
  39 0.4408005E+02
   5 0.4365222E+02
  35 0.4424188E+02
  29 0.3301930E+02
   9 0.4547128E+02
  53 0.4437855E+02
  19 0.4439384E+02
  45 0.4372025E+02
   7 0.4448271E+02
  31 0.4453370E+02
  13 0.4433839E+02
  63 0.4370896E+02
  19 0.4467702E+02
  28 0.4416992E+02
   6 0.4445810E+02
  36 0.4448835E+02
  32 0.4388456E+02
  12 0.4441180E+02
  11 0.4446006E+02
  24 0.4440962E+02
  47 0.4399961E+02
  35 0.4524855E+02
  48 0.4453174E+02
  34 0.4395171E+02
  20 0.4425992E+02
  13 0.4412653E+02
   4 0.4472347E+02
  19 0.4356929E+02
  55 0.4457528E+02
  22 0.4371781E+02
  62 0.4398829E+02
  34 0.4319989E+02
  32 0.4427134E+02
   2 0.4429357E+02
  20 0.4447143E+02
  36 0.4528439E+02
  35 0.4558342E+02
  27 0.4427307E+02
  30 0.4458366E+02
   3 0.4400594E+02
  48 0.4493442E+02
  31 0.4579448E+02
   9 0.4403247E+02
  58 0.4478395E+02
  39 0.4380820E+02
  45 0.4494716E+02
  61 0.4346958E+02
   1 0.4440772E+02
  24 0.4392418E+02
   5 0.4457563E+02
  19 0.4474625E+02
  37 0.4516555E+02
  42 0.4401496E+02
  15 0.4487385E+02
   7 0.4490224E+02
  47 0.4485596E+02
  32 0.4409455E+02
  23 0.4526093E+02
  46 0.4425388E+02
  43 0.4436990E+02
  10 0.4471039E+02
  41 0.4459999E+02
  33 0.4450525E+02
  13 0.4481006E+02
  36 0.4422957E+02
  20 0.4487379E+02
  34 0.4401618E+02
  53 0.4501675E+02
  57 0.4405196E+02
  12 0.4461787E+02
  44 0.4420384E+02
  56 0.4466796E+02
  29 0.4376979E+02
  28 0.4393055E+02
  55 0.4408952E+02
  40 0.4472238E+02
  26 0.4399628E+02
  63 0.4408822E+02
  51 0.4449524E+02
  60 0.4416040E+02
   8 0.4438243E+02
  11 0.4436595E+02
  22 0.4418020E+02
  27 0.4457581E+02
   4 0.4437196E+02
  62 0.4444424E+02
  35 0.4495564E+02
  52 0.4397246E+02
  30 0.4407284E+02
   6 0.4404842E+02
  54 0.4394088E+02
  17 0.4433675E+02
  25 0.4435858E+02
  59 0.4433565E+02
  21 0.4445922E+02
  14 0.4477911E+02
  18 0.4455751E+02
   2 0.4357824E+02
  16 0.4399898E+02
  50 0.4457986E+02
  49 0.4418084E+02
  38 0.4503401E+02
  57 0.4469462E+02
  42 0.4271801E+02
  82 0.4478871E+02
  81 0.4466829E+02
  32 0.4331324E+02
   8 0.4401427E+02
  84 0.3790497E+02
  79 0.4369236E+02
   7 0.4448606E+02
  17 0.4369509E+02
  85 0.4532885E+02
  12 0.4445266E+02
  23 0.4470745E+02
  33 0.4365482E+02
  21 0.4448550E+02
  81 0.4419317E+02
  82 0.4433994E+02
   7 0.4385527E+02
  42 0.4373001E+02
  88 0.4001158E+02
   8 0.4427591E+02
  84 0.4365693E+02
  24 0.4381833E+02
  79 0.4389461E+02
  32 0.4395040E+02
  68 0.4456100E+02
  85 0.4432953E+02
   7 0.4432573E+02
 105 0.4404992E+02
  33 0.4442083E+02
  23 0.4549735E+02
  40 0.4357633E+02
  81 0.4427090E+02
  68 0.4454669E+02
  35 0.4398569E+02
  17 0.4463022E+02
  84 0.4417586E+02
  19 0.4429303E+02
   7 0.3793855E+02
 110 0.2442264E+02
  79 0.4422055E+02
  82 0.4410427E+02
  76 0.4443986E+02
  82 0.3342838E+02
 104 0.4389884E+02
  35 0.4501817E+02
 127 0.4439250E+02
 119 0.4429767E+02
  32 0.4461420E+02
  84 0.4410716E+02
  17 0.4458320E+02
  85 0.4470710E+02
  21 0.4416971E+02
  17 0.4469079E+02
  15 0.4413403E+02
  88 0.4509870E+02
  68 0.4414290E+02
  23 0.4469474E+02
 118 0.4352628E+02
  42 0.4401881E+02
  81 0.4442306E+02
  98 0.4414120E+02
  84 0.4396163E+02
  76 0.4415295E+02
  19 0.4384044E+02
  82 0.4383777E+02
   7 0.4515276E+02
  17 0.4494548E+02
  67 0.4472309E+02
 103 0.4421568E+02
  88 0.4503208E+02
 104 0.4334559E+02
 101 0.4466183E+02
  95 0.4401412E+02
  44 0.4481852E+02
  78 0.4486253E+02
  98 0.4393019E+02
  24 0.4448593E+02
 105 0.4388005E+02
  86 0.4380183E+02
  33 0.4437349E+02
   8 0.4418627E+02
 116 0.4490688E+02
  81 0.4352592E+02
  84 0.4390216E+02
  64 0.4410711E+02
 101 0.4431825E+02
 100 0.4395094E+02
  81 0.4519460E+02
  84 0.4495241E+02
  62 0.4127405E+02
 105 0.4522834E+02
   7 0.4446425E+02
  12 0.4400245E+02
  23 0.4419830E+02
 119 0.4449558E+02
  59 0.4376889E+02
 127 0.4424076E+02
 120 0.4413215E+02
  20 0.4521717E+02
   8 0.4441237E+02
  19 0.4393015E+02
  64 0.4427442E+02
 125 0.4438282E+02
  81 0.4492849E+02
  94 0.4468376E+02
 100 0.4475469E+02
  42 0.4355605E+02
 105 0.4496972E+02
 102 0.4480566E+02
  17 0.4439996E+02
 119 0.4475881E+02
  40 0.4421945E+02
  62 0.4363971E+02
  79 0.4401070E+02
  44 0.4445319E+02
  82 0.4484677E+02
 127 0.4370937E+02
  65 0.4484202E+02
  87 0.4407160E+02
 111 0.4525606E+02
  24 0.4491074E+02
  94 0.4344689E+02
   5 0.4448871E+02
  32 0.4388899E+02
  79 0.4411440E+02
 103 0.4384845E+02
  89 0.4417444E+02
  17 0.4191325E+02
  19 0.4442623E+02
   3 0.3881478E+02
  70 0.4495175E+02
   1 0.4397840E+02
  86 0.4414410E+02
   7 0.4491109E+02
  23 0.4339551E+02
  88 0.4445042E+02
  64 0.4442830E+02
  71 0.4388107E+02
  77 0.4423018E+02
  42 0.4451870E+02
  35 0.4510157E+02
 123 0.4401637E+02
  24 0.4532351E+02
  95 0.4414930E+02
 125 0.4449657E+02
  31 0.1952162E+02
  10 0.4464879E+02
  81 0.4382414E+02
  25 0.4447074E+02
 121 0.4421751E+02
  84 0.4478836E+02
  68 0.4438851E+02
  21 0.4452447E+02
 102 0.4433466E+02
 104 0.4385889E+02
  67 0.4423399E+02
  62 0.4477497E+02
   6 0.4384687E+02
  40 0.4428751E+02
  33 0.4473192E+02
 100 0.4380977E+02
  17 0.4443730E+02
  79 0.4351219E+02
  54 0.4360204E+02
  87 0.4445422E+02
  97 0.4529451E+02
  48 0.4416748E+02
 111 0.4379725E+02
  44 0.4382713E+02
  80 0.4448008E+02
  66 0.4446496E+02
  94 0.4394035E+02
  82 0.4427968E+02
 116 0.4467861E+02
  85 0.4433273E+02
  76 0.4424602E+02
  98 0.4345320E+02
  92 0.4376031E+02
  20 0.4458810E+02
  72 0.4518496E+02
  61 0.4447209E+02
 115 0.4443708E+02
 120 0.4390864E+02
  45 0.4457226E+02
 105 0.4434304E+02
   8 0.4488895E+02
 107 0.4395262E+02
 101 0.4410050E+02
 119 0.4389274E+02
  57 0.4355452E+02
   5 0.4487791E+02
 103 0.4394937E+02
 127 0.4410738E+02
 108 0.4443060E+02
  12 0.4511402E+02
  36 0.4414790E+02
  89 0.4439544E+02
  46 0.4422954E+02
  96 0.4458226E+02
  83 0.4355873E+02
  99 0.4452896E+02
  58 0.4430020E+02
  74 0.4345039E+02
  16 0.4329417E+02
  73 0.4456531E+02
  28 0.4497575E+02
  32 0.4406878E+02
  78 0.4434020E+02
  14 0.4438972E+02
  59 0.4409242E+02
  51 0.4449115E+02
  39 0.4501576E+02
  65 0.4494674E+02
  90 0.4381415E+02
  18 0.4414732E+02
   4 0.4417640E+02
  93 0.4337539E+02
  50 0.4437616E+02
  37 0.4480793E+02
  22 0.4513270E+02
 114 0.4393831E+02
  13 0.4454061E+02
  60 0.4396698E+02
  91 0.4420833E+02
  29 0.4436065E+02
  11 0.4473440E+02
 117 0.4480818E+02
 122 0.4432964E+02
 118 0.4474820E+02
  52 0.4362633E+02
  53 0.4358757E+02
  69 0.4373241E+02
   2 0.4413947E+02
  27 0.4383819E+02
 126 0.4469463E+02
 109 0.4441661E+02
   9 0.4479837E+02
 110 0.4429048E+02
  30 0.4445014E+02
  47 0.4424531E+02
 106 0.4421188E+02
 112 0.4382119E+02
 124 0.4367320E+02
  43 0.4416474E+02
  38 0.4423927E+02
  55 0.4451179E+02
  15 0.4400108E+02
  41 0.4440099E+02
  34 0.4420590E+02
 113 0.4475078E+02
  63 0.4420245E+02
  26 0.4473054E+02
  49 0.4422551E+02
  75 0.4454374E+02
  56 0.4408003E+02
