   1 0.8213010E+02
   1 0.8360953E+02
   1 0.8357787E+02
   1 0.8319505E+02
   1 0.8358792E+02
   1 0.8342234E+02
   1 0.8368893E+02
   1 0.8272484E+02
   1 0.8339651E+02
   1 0.8271057E+02
   1 0.8309887E+02
   1 0.8328724E+02
   1 0.8287504E+02
   1 0.8295981E+02
   1 0.8272934E+02
   1 0.8382836E+02
   1 0.8363686E+02
   1 0.8353105E+02
   1 0.8318351E+02
   1 0.8316559E+02
   1 0.5505340E+02
   1 0.8325284E+02
   1 0.8318720E+02
   1 0.8307536E+02
   1 0.8421787E+02
   1 0.8312624E+02
   1 0.8322214E+02
   1 0.8233103E+02
   1 0.8335684E+02
   1 0.8341963E+02
   1 0.8296477E+02
   1 0.8327278E+02
   1 0.8290983E+02
   1 0.8232443E+02
   1 0.8275670E+02
   1 0.8345811E+02
   1 0.8308793E+02
   1 0.8400307E+02
   1 0.8379283E+02
   1 0.8355491E+02
   1 0.8342306E+02
   1 0.8325829E+02
   1 0.8338803E+02
   1 0.8294076E+02
   1 0.8267531E+02
   1 0.8412368E+02
   1 0.8355660E+02
   1 0.8294610E+02
   1 0.5788658E+02
   1 0.8264999E+02
   1 0.8351748E+02
   1 0.8298662E+02
   1 0.7087542E+02
   1 0.8386235E+02
   1 0.8399884E+02
   1 0.8293118E+02
   1 0.8289375E+02
   1 0.8323766E+02
   1 0.8392680E+02
   1 0.8283930E+02
   1 0.8367744E+02
   1 0.8284123E+02
   1 0.8314456E+02
   1 0.8417588E+02
   1 0.8326928E+02
   1 0.8419486E+02
   1 0.8381479E+02
   1 0.8322730E+02
   1 0.8341654E+02
   1 0.8330140E+02
   1 0.8337961E+02
   1 0.4397816E+02
   1 0.8281400E+02
   1 0.8308396E+02
   1 0.4710821E+02
   1 0.8409508E+02
   1 0.8271471E+02
   1 0.8383197E+02
   1 0.8265010E+02
   1 0.8304800E+02
   1 0.8287448E+02
   1 0.8333174E+02
   1 0.8358457E+02
   1 0.8441493E+02
   1 0.2762293E+02
   1 0.8309005E+02
   1 0.8349660E+02
   1 0.8384163E+02
   1 0.8319533E+02
   1 0.8363609E+02
   1 0.8341761E+02
   1 0.8333688E+02
   1 0.8370655E+02
   1 0.8250220E+02
   1 0.8341879E+02
   1 0.8440572E+02
   1 0.8369303E+02
   1 0.8351374E+02
   1 0.8342308E+02
   1 0.8286746E+02
   1 0.8324303E+02
   1 0.8340883E+02
   1 0.8337386E+02
   1 0.8399065E+02
   1 0.8354154E+02
   1 0.8379553E+02
   1 0.8319243E+02
   1 0.8298437E+02
   1 0.8371818E+02
   1 0.8312101E+02
   1 0.8267825E+02
   1 0.8382016E+02
   1 0.8337235E+02
   1 0.8327885E+02
   1 0.8324773E+02
   1 0.8264711E+02
   1 0.8331939E+02
   1 0.8382191E+02
   1 0.8340316E+02
   1 0.8272277E+02
   1 0.8298808E+02
   1 0.8355116E+02
   1 0.8358391E+02
   1 0.8312880E+02
   1 0.8298635E+02
   1 0.8302387E+02
   1 0.8343461E+02
   1 0.8383762E+02
   1 0.8345998E+02
   1 0.6810653E+02
   1 0.8326809E+02
   1 0.8269589E+02
   1 0.8318570E+02
   1 0.8275765E+02
   1 0.8270510E+02
   1 0.8343544E+02
   1 0.8309248E+02
   1 0.8379093E+02
   1 0.8389863E+02
   1 0.8312270E+02
   1 0.8319062E+02
   1 0.8274696E+02
   1 0.8267088E+02
   1 0.8362785E+02
   1 0.8368824E+02
   1 0.8291773E+02
   1 0.7228517E+02
   1 0.8360060E+02
   1 0.8278470E+02
   1 0.8312988E+02
   1 0.8353417E+02
   1 0.8309876E+02
   1 0.8347576E+02
   1 0.8356432E+02
   1 0.8309254E+02
   1 0.8353483E+02
   1 0.8342423E+02
   1 0.8256546E+02
   1 0.8328650E+02
   1 0.8352915E+02
   1 0.8329482E+02
   1 0.8308617E+02
   1 0.8296090E+02
   1 0.8333991E+02
   1 0.8310226E+02
   1 0.8310816E+02
   1 0.8335267E+02
   1 0.8298564E+02
   1 0.8326897E+02
   1 0.8364703E+02
   1 0.8257148E+02
   1 0.8356632E+02
   1 0.8314472E+02
   1 0.8349044E+02
   1 0.8296008E+02
   1 0.8356011E+02
   1 0.8333283E+02
   1 0.6012993E+02
   1 0.8374361E+02
   1 0.8234471E+02
   1 0.8416171E+02
   1 0.8272329E+02
   1 0.8304310E+02
   1 0.8350464E+02
   1 0.8336669E+02
   1 0.8269286E+02
   1 0.8402669E+02
   1 0.8338139E+02
   1 0.8294212E+02
   1 0.8436832E+02
   1 0.8269284E+02
   1 0.8421758E+02
   1 0.8295257E+02
   1 0.8378995E+02
   1 0.8300788E+02
   1 0.8313226E+02
   1 0.8293346E+02
   1 0.8325609E+02
   1 0.8285568E+02
   1 0.8381839E+02
   1 0.8371930E+02
   1 0.8326496E+02
   1 0.8318733E+02
   1 0.8386869E+02
   1 0.8391980E+02
   1 0.8392750E+02
   1 0.8361856E+02
   1 0.8353249E+02
   1 0.8310060E+02
   1 0.8339006E+02
   1 0.8340321E+02
   1 0.8372776E+02
   1 0.8288425E+02
   1 0.8269058E+02
   1 0.8289585E+02
   1 0.8338291E+02
   1 0.8349891E+02
   1 0.8406848E+02
   1 0.8324297E+02
   1 0.8315115E+02
   1 0.8288757E+02
   1 0.8324250E+02
   1 0.8375666E+02
   1 0.8292089E+02
   1 0.8351760E+02
   1 0.8384177E+02
   1 0.7767826E+02
   1 0.8403594E+02
   1 0.8267856E+02
   1 0.8374580E+02
   1 0.8386521E+02
   1 0.8281212E+02
   1 0.8403740E+02
   1 0.5478922E+02
   1 0.8393396E+02
   1 0.8317451E+02
   1 0.8282622E+02
   1 0.8352830E+02
   1 0.8356850E+02
   1 0.8315404E+02
   1 0.8345643E+02
   1 0.8287474E+02
   1 0.5799904E+02
   1 0.8353421E+02
   1 0.8338161E+02
   1 0.8261034E+02
   1 0.5404956E+02
   1 0.8331881E+02
   1 0.8309807E+02
   1 0.8264654E+02
   1 0.8379640E+02
   1 0.8336192E+02
   1 0.8391092E+02
   1 0.8328003E+02
   1 0.8297809E+02
   1 0.8369320E+02
   2 0.8324450E+02
   1 0.8296364E+02
   1 0.8347291E+02
   1 0.8358139E+02
   3 0.8311672E+02
   2 0.8343851E+02
   2 0.8360141E+02
   2 0.8362750E+02
   2 0.8263993E+02
   1 0.8395946E+02
   3 0.8277874E+02
   1 0.8272915E+02
   2 0.8360190E+02
   2 0.8395686E+02
   3 0.8343980E+02
   2 0.5076911E+02
   1 0.8386347E+02
   2 0.8355749E+02
   3 0.8247735E+02
   2 0.7385722E+02
   1 0.8328085E+02
   1 0.8282844E+02
   3 0.8314234E+02
   3 0.7259872E+02
   2 0.8331326E+02
   3 0.8268590E+02
   2 0.8308475E+02
   3 0.8387768E+02
   1 0.8346869E+02
   3 0.8351122E+02
   1 0.8299909E+02
   3 0.8336028E+02
   3 0.8259083E+02
   2 0.8351816E+02
   3 0.8300729E+02
   3 0.6954589E+02
   3 0.8227909E+02
   1 0.8290568E+02
   3 0.8303395E+02
   1 0.8300607E+02
   2 0.8338420E+02
   1 0.8235214E+02
   1 0.7382166E+02
   1 0.8276409E+02
   3 0.8317898E+02
   2 0.8324042E+02
   1 0.8321885E+02
   3 0.8364539E+02
   1 0.8329335E+02
   1 0.8329672E+02
   3 0.8324418E+02
   1 0.8409439E+02
   2 0.8343190E+02
   3 0.8321194E+02
   2 0.8267492E+02
   1 0.8355963E+02
   3 0.8332886E+02
   2 0.8350426E+02
   1 0.8314511E+02
   3 0.8340414E+02
   3 0.8275842E+02
   2 0.4924681E+02
   1 0.8274091E+02
   1 0.8311513E+02
   1 0.8337770E+02
   1 0.8335540E+02
   3 0.8366703E+02
   2 0.8314420E+02
   3 0.2560911E+02
   2 0.8348814E+02
   2 0.8299390E+02
   1 0.8304888E+02
   2 0.8389117E+02
   1 0.8350372E+02
   2 0.8321939E+02
   3 0.8347211E+02
   2 0.7417874E+02
   3 0.8151482E+02
   2 0.8376832E+02
   3 0.8085055E+02
   3 0.8401003E+02
   2 0.8280318E+02
   1 0.8360082E+02
   3 0.8311874E+02
   2 0.8407651E+02
   1 0.8417626E+02
   2 0.8248717E+02
   1 0.8365563E+02
   3 0.8332923E+02
   3 0.8318593E+02
   2 0.8312854E+02
   1 0.8362267E+02
   1 0.8299224E+02
   3 0.8298230E+02
   2 0.8324444E+02
   2 0.8303861E+02
   1 0.8345992E+02
   1 0.4062445E+02
   3 0.8341032E+02
   1 0.8273678E+02
   2 0.8296475E+02
   2 0.8266736E+02
   3 0.8386021E+02
   3 0.8393085E+02
   1 0.8361357E+02
   1 0.6519178E+02
   3 0.8333509E+02
   3 0.8323428E+02
   2 0.8287418E+02
   2 0.8364037E+02
   1 0.8332074E+02
   2 0.8255805E+02
   1 0.8323285E+02
   3 0.8351263E+02
   3 0.8268961E+02
   2 0.8270450E+02
   2 0.8230413E+02
   1 0.8331545E+02
   3 0.8360757E+02
   3 0.8265673E+02
   2 0.8312947E+02
   3 0.8293483E+02
   1 0.8356682E+02
   3 0.8321561E+02
   1 0.8278612E+02
   1 0.8337222E+02
   2 0.8293988E+02
   1 0.8373321E+02
   2 0.8349428E+02
   1 0.8264755E+02
   3 0.8340913E+02
   2 0.8305816E+02
   2 0.8326744E+02
   2 0.8366906E+02
   1 0.8409297E+02
   1 0.7933477E+02
   2 0.8366850E+02
   3 0.8324155E+02
   1 0.8328234E+02
   2 0.8383222E+02
   1 0.8339638E+02
   2 0.8375603E+02
   2 0.8278205E+02
   3 0.8376461E+02
   2 0.8299002E+02
   1 0.8331405E+02
   2 0.8308998E+02
   2 0.8357514E+02
   1 0.8344041E+02
   3 0.8286618E+02
   3 0.8247949E+02
   3 0.8395924E+02
   2 0.8359674E+02
   1 0.8367409E+02
   2 0.8325701E+02
   1 0.8305003E+02
   2 0.8251968E+02
   1 0.8325861E+02
   2 0.8310058E+02
   3 0.8334962E+02
   1 0.8372914E+02
   3 0.8300434E+02
   2 0.8282101E+02
   2 0.8386939E+02
   1 0.8366609E+02
   1 0.8342625E+02
   3 0.8355909E+02
   2 0.8380009E+02
   3 0.8305592E+02
   2 0.7584545E+02
   3 0.8313482E+02
   2 0.8390799E+02
   2 0.5457771E+02
   3 0.8369445E+02
   1 0.8299210E+02
   3 0.8369968E+02
   1 0.8311893E+02
   2 0.8319513E+02
   2 0.8327111E+02
   3 0.8395507E+02
   1 0.8370195E+02
   1 0.8315405E+02
   2 0.8396875E+02
   2 0.8378721E+02
   3 0.8325539E+02
   2 0.8338363E+02
   3 0.8333383E+02
   1 0.8310517E+02
   1 0.8342831E+02
   1 0.8333572E+02
   1 0.6593775E+02
   2 0.8324393E+02
   1 0.8298337E+02
   2 0.8325837E+02
   3 0.8305320E+02
   2 0.8505471E+02
   3 0.4361701E+02
   2 0.8354968E+02
   1 0.8308177E+02
   3 0.8265279E+02
   1 0.8272640E+02
   1 0.8451626E+02
   2 0.8354888E+02
   3 0.8345504E+02
   2 0.8334773E+02
   1 0.8351448E+02
   1 0.7900152E+02
   1 0.8390775E+02
   1 0.8362833E+02
   3 0.8343571E+02
   2 0.8315633E+02
   1 0.8277727E+02
   2 0.8323745E+02
   3 0.8291941E+02
   2 0.8328815E+02
   1 0.8292767E+02
   1 0.7129624E+02
   2 0.8371638E+02
   1 0.8342076E+02
   3 0.8376748E+02
   3 0.8316707E+02
   3 0.8252263E+02
   2 0.8341341E+02
   3 0.2453781E+02
   2 0.7637113E+02
   1 0.8314998E+02
   2 0.8378902E+02
   2 0.8278208E+02
   2 0.8359735E+02
   2 0.5129090E+02
   3 0.8389299E+02
   3 0.8326859E+02
   1 0.8375009E+02
   2 0.8308284E+02
   3 0.8300804E+02
   2 0.8329315E+02
   1 0.8309212E+02
   3 0.8295325E+02
   1 0.8324208E+02
   3 0.8314711E+02
   2 0.8284273E+02
   1 0.8348546E+02
   3 0.8284266E+02
   2 0.8294290E+02
   3 0.8219032E+02
   3 0.8343464E+02
   3 0.8244669E+02
   1 0.8275078E+02
   3 0.8364339E+02
   1 0.8370504E+02
   2 0.8340094E+02
   3 0.8335433E+02
   3 0.8217452E+02
   1 0.8376443E+02
   2 0.8395405E+02
   3 0.8364055E+02
   7 0.8387508E+02
   6 0.7315959E+02
   2 0.8244001E+02
   3 0.8338036E+02
   5 0.8303779E+02
   1 0.8288112E+02
   2 0.8355491E+02
   1 0.8275791E+02
   3 0.8353240E+02
   4 0.8307690E+02
   3 0.6424359E+02
   1 0.8383867E+02
   2 0.8328199E+02
   3 0.8267722E+02
   1 0.8432792E+02
   7 0.8333929E+02
   4 0.8249456E+02
   6 0.8371560E+02
   5 0.8351848E+02
   1 0.8306585E+02
   7 0.8295394E+02
   5 0.8383725E+02
   2 0.8358288E+02
   3 0.8315448E+02
   1 0.8287845E+02
   4 0.8363460E+02
   3 0.8288408E+02
   6 0.8283414E+02
   3 0.8405721E+02
   4 0.8273547E+02
   7 0.8315744E+02
   5 0.8334580E+02
   2 0.8347579E+02
   7 0.7855828E+02
   1 0.8278115E+02
   5 0.8378432E+02
   5 0.8335834E+02
   6 0.8294820E+02
   1 0.8303013E+02
   3 0.8353690E+02
   1 0.8325007E+02
   5 0.8336548E+02
   4 0.8384484E+02
   6 0.8241221E+02
   1 0.8393113E+02
   4 0.8370335E+02
   2 0.8351747E+02
   7 0.8290041E+02
   5 0.8306716E+02
   1 0.8326303E+02
   3 0.8307486E+02
   3 0.8390524E+02
   2 0.8296983E+02
   1 0.8254225E+02
   6 0.8320230E+02
   3 0.8236141E+02
   6 0.7541495E+02
   2 0.8286783E+02
   3 0.7339489E+02
   2 0.8384939E+02
   4 0.8370620E+02
   2 0.8387862E+02
   7 0.8336834E+02
   5 0.8334666E+02
   3 0.8346375E+02
   6 0.8312582E+02
   5 0.8412563E+02
   4 0.8414988E+02
   1 0.8382755E+02
   6 0.8329004E+02
   5 0.8430775E+02
   2 0.8379779E+02
   4 0.8443684E+02
   7 0.8356316E+02
   3 0.8238277E+02
   2 0.8378254E+02
   7 0.8427812E+02
   4 0.8355855E+02
   6 0.8336380E+02
   3 0.8399746E+02
   4 0.8358476E+02
   2 0.8299953E+02
   4 0.8373367E+02
   7 0.8302029E+02
   1 0.8368137E+02
   5 0.8362350E+02
   2 0.8332900E+02
   4 0.8338417E+02
   1 0.8383919E+02
   5 0.7559565E+02
   4 0.8323286E+02
   6 0.8302643E+02
   5 0.8404496E+02
   3 0.8342009E+02
   4 0.8342337E+02
   7 0.8307877E+02
   5 0.3385916E+02
   3 0.8335432E+02
   2 0.8316342E+02
   3 0.8313114E+02
   1 0.8345643E+02
   2 0.8475021E+02
   6 0.8314387E+02
   1 0.8302573E+02
   2 0.8227914E+02
   4 0.8345857E+02
   6 0.8351871E+02
   6 0.7533569E+02
   7 0.8335539E+02
   5 0.8351729E+02
   2 0.8271061E+02
   3 0.8303801E+02
   5 0.8344971E+02
   6 0.8322880E+02
   7 0.8353407E+02
   1 0.8347760E+02
   2 0.8337632E+02
   3 0.8330538E+02
   4 0.8310026E+02
   3 0.3816556E+02
   1 0.8348353E+02
   2 0.8345448E+02
   3 0.3507304E+02
   6 0.8308195E+02
   1 0.8333869E+02
   6 0.8408830E+02
   5 0.8345383E+02
   7 0.8328622E+02
   1 0.8265241E+02
   4 0.8316167E+02
   2 0.8359612E+02
   4 0.8280702E+02
   3 0.8356911E+02
   2 0.8379183E+02
   1 0.8255697E+02
   2 0.8358675E+02
   6 0.8350982E+02
   5 0.8296821E+02
   7 0.8327404E+02
   1 0.8333216E+02
   7 0.8349630E+02
   7 0.8358384E+02
   5 0.8261531E+02
   4 0.8352607E+02
   3 0.8305216E+02
   4 0.8376258E+02
   3 0.8393650E+02
   2 0.8355053E+02
   6 0.8263794E+02
   4 0.8300996E+02
   3 0.8358569E+02
   1 0.8306922E+02
   3 0.8386631E+02
   7 0.8348725E+02
   5 0.8293815E+02
   5 0.8376322E+02
   3 0.8317730E+02
   3 0.8347239E+02
   5 0.8338975E+02
   2 0.8349886E+02
   6 0.8350701E+02
   4 0.8315488E+02
   5 0.8333418E+02
   1 0.8361387E+02
   5 0.8358360E+02
   4 0.8368046E+02
   7 0.8353622E+02
   5 0.8337287E+02
   7 0.8342891E+02
   3 0.8320570E+02
   5 0.8384962E+02
   7 0.7917095E+02
   5 0.2811470E+02
   5 0.8360370E+02
   7 0.8371123E+02
   3 0.8283331E+02
   2 0.8313023E+02
   6 0.8307207E+02
   5 0.8268346E+02
   1 0.8326526E+02
   7 0.8345663E+02
   4 0.8273944E+02
   1 0.4927258E+02
   5 0.8379478E+02
   7 0.8355403E+02
   4 0.8311794E+02
   7 0.8294587E+02
   4 0.8246138E+02
   7 0.8334560E+02
   7 0.1005642E+02
   3 0.8351996E+02
   6 0.8305578E+02
   2 0.8301086E+02
   7 0.8346179E+02
   4 0.8308295E+02
   1 0.8305256E+02
   2 0.8381175E+02
   5 0.8318350E+02
   7 0.8343884E+02
   7 0.8314113E+02
   4 0.8284172E+02
   2 0.8364865E+02
   3 0.8378995E+02
   1 0.8296293E+02
   7 0.8177411E+02
   2 0.8285396E+02
   4 0.8341240E+02
   6 0.8345972E+02
   3 0.8383541E+02
   5 0.8358610E+02
   2 0.8311767E+02
   6 0.8319305E+02
   4 0.8288842E+02
   2 0.8374586E+02
   2 0.8400332E+02
   1 0.8320448E+02
   6 0.8315273E+02
   7 0.8318824E+02
   2 0.8325379E+02
   3 0.8326729E+02
   1 0.8302331E+02
   6 0.8279009E+02
   5 0.8371419E+02
   4 0.8321017E+02
   1 0.8317219E+02
   7 0.8351268E+02
   2 0.8327121E+02
   3 0.8346558E+02
   7 0.8383839E+02
   6 0.8316743E+02
   5 0.8360245E+02
   4 0.8365097E+02
   1 0.8346728E+02
   7 0.8264231E+02
   4 0.8151586E+02
   6 0.8255193E+02
   5 0.8345040E+02
   5 0.6621923E+02
   1 0.8281371E+02
   7 0.8311140E+02
   2 0.8323476E+02
   3 0.8356272E+02
   1 0.8311164E+02
   7 0.8394202E+02
   2 0.8304681E+02
   5 0.8364812E+02
   3 0.8431032E+02
   1 0.7816108E+02
   2 0.8346986E+02
   7 0.8280395E+02
   5 0.8338690E+02
   4 0.8331596E+02
   1 0.8349886E+02
   6 0.8314333E+02
   2 0.8302748E+02
   3 0.8323198E+02
   7 0.7291405E+02
   4 0.7391975E+02
  11 0.8418557E+02
  14 0.8415927E+02
   7 0.8331734E+02
  12 0.8367396E+02
   3 0.8295084E+02
   5 0.8324024E+02
   1 0.8386483E+02
   8 0.8265642E+02
   7 0.8401128E+02
   6 0.8323702E+02
   8 0.8330465E+02
  15 0.8308437E+02
  10 0.8353414E+02
   1 0.8267404E+02
  11 0.8369660E+02
   4 0.8289068E+02
   7 0.4573111E+02
   1 0.8307827E+02
  15 0.7211773E+02
   8 0.8294025E+02
  10 0.8274863E+02
   7 0.8372687E+02
   8 0.8338746E+02
  11 0.8317314E+02
   4 0.8262680E+02
  12 0.8277866E+02
   4 0.8344468E+02
  14 0.8337105E+02
  10 0.8341331E+02
   7 0.8361481E+02
   1 0.8276178E+02
   2 0.8357452E+02
   3 0.8345566E+02
   4 0.8416728E+02
  12 0.8384671E+02
   7 0.1742376E+02
  15 0.8345229E+02
   8 0.8341254E+02
  14 0.8258617E+02
   2 0.8281026E+02
  13 0.8345183E+02
  14 0.8382402E+02
  15 0.7435957E+02
   8 0.8030415E+02
  13 0.8424372E+02
   7 0.8296726E+02
   9 0.8354442E+02
  13 0.8237133E+02
   5 0.8291706E+02
   6 0.8363428E+02
  15 0.8327967E+02
  13 0.8278528E+02
  12 0.8287287E+02
   3 0.8342684E+02
  13 0.8347494E+02
  11 0.8324869E+02
  12 0.8277304E+02
   6 0.8359460E+02
  15 0.8332816E+02
   9 0.8331035E+02
  13 0.8309040E+02
  14 0.8349345E+02
   1 0.8298588E+02
  12 0.5640041E+02
  13 0.5785353E+02
  14 0.7187889E+02
   6 0.7351556E+02
  11 0.8252830E+02
  11 0.8013882E+02
  10 0.8343160E+02
  13 0.8311592E+02
   5 0.8316404E+02
  11 0.8378554E+02
  14 0.8493779E+02
   3 0.8325640E+02
   4 0.8282070E+02
  12 0.8290534E+02
   8 0.8355698E+02
  14 0.8337150E+02
  10 0.8342743E+02
   2 0.8368912E+02
  11 0.8302176E+02
   3 0.8263101E+02
  12 0.8342895E+02
  11 0.6679488E+02
   7 0.8349746E+02
   2 0.8269702E+02
  10 0.8347858E+02
  15 0.8345591E+02
   1 0.8342372E+02
   2 0.5777163E+02
  15 0.8333880E+02
  12 0.8345422E+02
   1 0.7115921E+02
  11 0.8323774E+02
  13 0.8313115E+02
   9 0.8329004E+02
  10 0.8363967E+02
   8 0.8325296E+02
   3 0.8347023E+02
  11 0.8314943E+02
   1 0.8362186E+02
  10 0.8342684E+02
   7 0.8318711E+02
   6 0.8318028E+02
   5 0.8419845E+02
   8 0.8354933E+02
  11 0.8390122E+02
  10 0.4823425E+02
   8 0.8382334E+02
   3 0.8279704E+02
  11 0.8369775E+02
   4 0.8354111E+02
   8 0.8406436E+02
   1 0.8383350E+02
   3 0.8315166E+02
   9 0.8340949E+02
   2 0.8326850E+02
  14 0.8323041E+02
   8 0.8378565E+02
   4 0.8241346E+02
   5 0.8337920E+02
   6 0.8351056E+02
  10 0.8339011E+02
   9 0.8323048E+02
  12 0.8325700E+02
   2 0.8339212E+02
   3 0.8264090E+02
   3 0.8389091E+02
  12 0.2578828E+02
  11 0.8246120E+02
  13 0.8320570E+02
   2 0.8307130E+02
   5 0.4283606E+02
  15 0.8355629E+02
   2 0.8198341E+02
   6 0.8347002E+02
  13 0.8330062E+02
  15 0.8408199E+02
   2 0.8357973E+02
   2 0.8333027E+02
   5 0.8339279E+02
   8 0.8384617E+02
   4 0.8343785E+02
   6 0.8383349E+02
   2 0.8284821E+02
   7 0.8311492E+02
  13 0.8276994E+02
   8 0.8213967E+02
   7 0.8342364E+02
   5 0.8281631E+02
  13 0.8347259E+02
   8 0.8324579E+02
  13 0.8374276E+02
  14 0.8295558E+02
   8 0.8372132E+02
   3 0.8345988E+02
  10 0.8370769E+02
   1 0.8310777E+02
   4 0.8303396E+02
   2 0.8360431E+02
  13 0.8237097E+02
  11 0.8406499E+02
   7 0.8286138E+02
   9 0.8329617E+02
  10 0.8219636E+02
  11 0.8369666E+02
  15 0.8318482E+02
  13 0.8277826E+02
  12 0.8296864E+02
   1 0.8239673E+02
   2 0.8313940E+02
  12 0.3993373E+02
   7 0.8323310E+02
   9 0.8292073E+02
  15 0.8361787E+02
   1 0.8398485E+02
  13 0.8369681E+02
   7 0.8321796E+02
  11 0.8386426E+02
  12 0.8340890E+02
   9 0.8374958E+02
  15 0.8371375E+02
   3 0.8317149E+02
  13 0.8333185E+02
   4 0.8274159E+02
   1 0.8336290E+02
   6 0.8366048E+02
   8 0.8265604E+02
  14 0.8334319E+02
   3 0.3065839E+02
   1 0.8380973E+02
  11 0.8354553E+02
  15 0.8328728E+02
   4 0.8295763E+02
   3 0.8383076E+02
   5 0.8334722E+02
   6 0.8330244E+02
  12 0.8273262E+02
   1 0.8331429E+02
   1 0.8364738E+02
   4 0.8312542E+02
  10 0.8368585E+02
  15 0.8353507E+02
   1 0.8327368E+02
   6 0.8206658E+02
   7 0.8362472E+02
  15 0.8368727E+02
  12 0.8292077E+02
   9 0.8325632E+02
  11 0.8272763E+02
   7 0.8310711E+02
  11 0.5073312E+02
  15 0.8331125E+02
   6 0.8249251E+02
  13 0.8346514E+02
   7 0.8334244E+02
   2 0.8328048E+02
   9 0.8365409E+02
   6 0.7136407E+02
   7 0.6851140E+02
  15 0.8453244E+02
   9 0.8366171E+02
   6 0.8393570E+02
   4 0.8327076E+02
  12 0.8356427E+02
  15 0.8276349E+02
   6 0.8381731E+02
   2 0.8419109E+02
   7 0.8298636E+02
   1 0.8345518E+02
   3 0.8339889E+02
  14 0.8326865E+02
   1 0.8374839E+02
   7 0.8358483E+02
   3 0.8353627E+02
   8 0.8337017E+02
   6 0.8277110E+02
   8 0.8310297E+02
  10 0.8284565E+02
   9 0.8340201E+02
   5 0.8358935E+02
  13 0.8314789E+02
   6 0.8379662E+02
   8 0.8402321E+02
  11 0.8326047E+02
   1 0.8333174E+02
   7 0.8335092E+02
   3 0.8332442E+02
   4 0.8357905E+02
   2 0.8312281E+02
  15 0.8394121E+02
  12 0.8313803E+02
  14 0.8342610E+02
  21 0.5658204E+02
  14 0.8394064E+02
  22 0.8379791E+02
   9 0.8348097E+02
  17 0.8370696E+02
  23 0.8386054E+02
  13 0.8413843E+02
  16 0.8390936E+02
  26 0.8371139E+02
  24 0.8279016E+02
   1 0.8299158E+02
  20 0.8274535E+02
   8 0.8345708E+02
   9 0.8456906E+02
   5 0.8322197E+02
   7 0.8291163E+02
   3 0.8307861E+02
  21 0.8356331E+02
  15 0.8323713E+02
  14 0.8394765E+02
  18 0.8228838E+02
  29 0.8352679E+02
  27 0.8270370E+02
  12 0.8390799E+02
  22 0.8338633E+02
   9 0.8330219E+02
  15 0.8390151E+02
  25 0.8296309E+02
   5 0.8215156E+02
  16 0.8372687E+02
  18 0.8382933E+02
  12 0.8390003E+02
  23 0.8276992E+02
   7 0.8327709E+02
  14 0.8345952E+02
  18 0.6929476E+01
  15 0.8357698E+02
  27 0.8370036E+02
  29 0.8335553E+02
   3 0.8246523E+02
   9 0.8247059E+02
  12 0.8339530E+02
  27 0.1082589E+02
  25 0.8343365E+02
   7 0.8354907E+02
  23 0.8283443E+02
   5 0.8311624E+02
   9 0.8323017E+02
  12 0.8311191E+02
  18 0.8361957E+02
  16 0.8357533E+02
  23 0.8360476E+02
  18 0.8448188E+02
  27 0.8236673E+02
   9 0.8258838E+02
  29 0.8299180E+02
  16 0.8379640E+02
   5 0.8300886E+02
   4 0.8329034E+02
   9 0.8332360E+02
  12 0.8277679E+02
   6 0.8363227E+02
  31 0.8332922E+02
  19 0.8345557E+02
  11 0.8320497E+02
   4 0.8355808E+02
   2 0.8330779E+02
  28 0.8323635E+02
  30 0.8366256E+02
  10 0.8327424E+02
  27 0.8290458E+02
  19 0.8408519E+02
  12 0.8398684E+02
  26 0.8353762E+02
   9 0.8310983E+02
   5 0.8232333E+02
   1 0.8330617E+02
  24 0.8336259E+02
  29 0.8253883E+02
  11 0.7789685E+02
  26 0.8422489E+02
   2 0.8325861E+02
  12 0.6493671E+02
  31 0.8327058E+02
  13 0.8317044E+02
   8 0.8395770E+02
   9 0.8363135E+02
  19 0.8364815E+02
   5 0.1164981E+02
  10 0.8292241E+02
  30 0.8298916E+02
  17 0.8302112E+02
  20 0.8362996E+02
  29 0.8357494E+02
   6 0.8234608E+02
  22 0.8321118E+02
  12 0.8381753E+02
  24 0.8294685E+02
   2 0.8433662E+02
  22 0.8416305E+02
  10 0.8397709E+02
  19 0.8305184E+02
  27 0.8305049E+02
  26 0.8359941E+02
  21 0.8345283E+02
  11 0.8332434E+02
  17 0.8297205E+02
   5 0.8341686E+02
  31 0.8276124E+02
   8 0.8222980E+02
  20 0.8336907E+02
  19 0.8356838E+02
  24 0.8318605E+02
  14 0.8314304E+02
   9 0.8296417E+02
  27 0.8313692E+02
  31 0.8390174E+02
   3 0.8378538E+02
   7 0.8361028E+02
  11 0.8325424E+02
   6 0.8336311E+02
   1 0.8267443E+02
  14 0.8438052E+02
   2 0.8345366E+02
   6 0.8415239E+02
  12 0.8338613E+02
  15 0.8331040E+02
  22 0.8294167E+02
  25 0.8357395E+02
   7 0.8409394E+02
  10 0.8283044E+02
  14 0.7644720E+02
   1 0.8356311E+02
   9 0.8384046E+02
  15 0.8340745E+02
   5 0.8306638E+02
   8 0.8253999E+02
   9 0.6523029E+02
  18 0.8297588E+02
  23 0.8335863E+02
  19 0.8306086E+02
   3 0.8333363E+02
  16 0.8324672E+02
  10 0.8274840E+02
   9 0.8389181E+02
  23 0.6847860E+02
   6 0.8286231E+02
  16 0.7120230E+02
  10 0.2920059E+02
  11 0.8303397E+02
  18 0.8272918E+02
  23 0.8334846E+02
  19 0.8383224E+02
  28 0.8334223E+02
  14 0.8269888E+02
  15 0.8323265E+02
  14 0.5766645E+02
   6 0.8275003E+02
   4 0.8336631E+02
  16 0.8293842E+02
  10 0.8304692E+02
  13 0.8357881E+02
  13 0.5529207E+02
   9 0.8294448E+02
   4 0.8328431E+02
  30 0.8343346E+02
  29 0.8349314E+02
  19 0.8319854E+02
  28 0.8301578E+02
  23 0.8298158E+02
  17 0.8315472E+02
  28 0.5181479E+02
  26 0.8339542E+02
  10 0.8352433E+02
  21 0.8356911E+02
  16 0.8307650E+02
  13 0.8325607E+02
  30 0.8373290E+02
  17 0.8313577E+02
  10 0.8367610E+02
  16 0.8336144E+02
  25 0.8286797E+02
  27 0.8335533E+02
  24 0.8335989E+02
  29 0.8239460E+02
  21 0.8292876E+02
   2 0.8333595E+02
  20 0.8344674E+02
  31 0.8323317E+02
  30 0.8333410E+02
  26 0.8304286E+02
   1 0.8324908E+02
   8 0.8336871E+02
   1 0.6928232E+02
  24 0.7432264E+02
  22 0.8352619E+02
  12 0.8344122E+02
  10 0.8253499E+02
   8 0.6776339E+02
   5 0.8360092E+02
  13 0.8314435E+02
   7 0.8319010E+02
  26 0.8389532E+02
  17 0.8404021E+02
  21 0.8331663E+02
   1 0.8373374E+02
  31 0.2430029E+02
   2 0.8356041E+02
   7 0.8310400E+02
   5 0.8208296E+02
  12 0.8238028E+02
  17 0.8323023E+02
   3 0.8314135E+02
  16 0.8253959E+02
  18 0.8356466E+02
  17 0.8395955E+02
  24 0.8334431E+02
  21 0.8278521E+02
  16 0.7709969E+02
  16 0.7379775E+02
  17 0.8360453E+02
  31 0.8296445E+02
  16 0.6654200E+02
  26 0.8307958E+02
  11 0.8273781E+02
  15 0.8306623E+02
   6 0.8315680E+02
  14 0.8317149E+02
   4 0.8283092E+02
   3 0.8285120E+02
   9 0.8323162E+02
  24 0.8389275E+02
  21 0.8283396E+02
  19 0.8354486E+02
  23 0.8356932E+02
  29 0.8305470E+02
  30 0.8346326E+02
  28 0.8311415E+02
  25 0.8309166E+02
  10 0.8367105E+02
  26 0.8330278E+02
  20 0.8320396E+02
  27 0.8373614E+02
   8 0.8362243E+02
  13 0.8377296E+02
   1 0.8347875E+02
  22 0.8297329E+02
  16 0.8340401E+02
   7 0.8367270E+02
  18 0.8366672E+02
  31 0.8321446E+02
   5 0.8367264E+02
  17 0.8284015E+02
  12 0.8331718E+02
   2 0.8302652E+02
  11 0.8330588E+02
   6 0.8386268E+02
  52 0.8418664E+02
   7 0.8418678E+02
  53 0.8334375E+02
  13 0.8295330E+02
  31 0.5323955E+02
  62 0.8373386E+02
  22 0.7902561E+02
  63 0.8370508E+02
  21 0.8404174E+02
   1 0.1620136E+02
  54 0.8377061E+02
  10 0.7974606E+02
  41 0.7731473E+02
  18 0.8292342E+02
  59 0.8351389E+02
   9 0.8316057E+02
  16 0.8343405E+02
  43 0.8271875E+02
  38 0.8285335E+02
  35 0.8310972E+02
  13 0.8364462E+02
  58 0.8269452E+02
  60 0.8312832E+02
   5 0.8293774E+02
   8 0.8220159E+02
  56 0.8264739E+02
  22 0.8338782E+02
  31 0.8265028E+02
  39 0.8339030E+02
   4 0.8378606E+02
  55 0.8282139E+02
  25 0.8286372E+02
  15 0.8325635E+02
  20 0.8281069E+02
   9 0.8291577E+02
  46 0.8307250E+02
  37 0.8380767E+02
  51 0.8283055E+02
  12 0.8263302E+02
  38 0.8272790E+02
   6 0.8370859E+02
  17 0.8264676E+02
   4 0.8018690E+02
  54 0.8329456E+02
  10 0.8332652E+02
  59 0.8275535E+02
   5 0.8251144E+02
   1 0.8281928E+02
  41 0.8298187E+02
  22 0.8359584E+02
  61 0.8301036E+02
  43 0.8329739E+02
   6 0.8339719E+02
  60 0.8318456E+02
  46 0.8299622E+02
   8 0.8262620E+02
  54 0.8291313E+02
  15 0.8384661E+02
  58 0.8332027E+02
  37 0.8368378E+02
  19 0.8308114E+02
  60 0.8358336E+02
  59 0.8320555E+02
   8 0.8335916E+02
  60 0.7207991E+02
  56 0.8336064E+02
   1 0.8334251E+02
  10 0.8290492E+02
   8 0.4321330E+02
   6 0.8290276E+02
  22 0.8297858E+02
  59 0.8398024E+02
  51 0.8332824E+02
  58 0.1774598E+02
   1 0.8355108E+02
  56 0.8334768E+02
   8 0.8294903E+02
   6 0.8350988E+02
  15 0.8342303E+02
  59 0.8303737E+02
  51 0.8393733E+02
   8 0.8268405E+02
  58 0.8284495E+02
  38 0.8348568E+02
   4 0.8307193E+02
   8 0.4195033E+02
  56 0.8381147E+02
  39 0.8290894E+02
  37 0.8370667E+02
  59 0.8361156E+02
   6 0.8277017E+02
  37 0.8310501E+02
  51 0.8360188E+02
   8 0.8300273E+02
  31 0.8337363E+02
  27 0.8346519E+02
   9 0.8298155E+02
  13 0.8322069E+02
  32 0.8321668E+02
  37 0.8367544E+02
  57 0.8360703E+02
  56 0.8303039E+02
  30 0.8348717E+02
  33 0.8323973E+02
  44 0.8397351E+02
  29 0.8357112E+02
  28 0.8333263E+02
   8 0.8361474E+02
  47 0.8352857E+02
  59 0.8275458E+02
  23 0.8324768E+02
  14 0.8368281E+02
  36 0.8289787E+02
  26 0.8346894E+02
  50 0.8360876E+02
  48 0.8330691E+02
  13 0.8401422E+02
  42 0.8393047E+02
  52 0.8341372E+02
  11 0.8300587E+02
  47 0.8367752E+02
   3 0.8343114E+02
  40 0.8318050E+02
  31 0.8380064E+02
  45 0.8341544E+02
   5 0.8368515E+02
  58 0.8319242E+02
  56 0.8299913E+02
  34 0.8330319E+02
  63 0.8323505E+02
  49 0.8351703E+02
  60 0.8322055E+02
  56 0.5310828E+02
   9 0.8268516E+02
  37 0.8321841E+02
  53 0.8384686E+02
  24 0.8353436E+02
  27 0.8330468E+02
  35 0.8318586E+02
  42 0.8383270E+02
   3 0.6566658E+02
  54 0.8321918E+02
   2 0.8419740E+02
  14 0.8309420E+02
  33 0.8261578E+02
  21 0.8346955E+02
  16 0.8340300E+02
  40 0.8399279E+02
  62 0.8260676E+02
   7 0.8253320E+02
   8 0.8242570E+02
  50 0.8345126E+02
   5 0.8354796E+02
  53 0.8372469E+02
  32 0.8381333E+02
  23 0.8370404E+02
  10 0.8356229E+02
  31 0.8336814E+02
  36 0.8313409E+02
  35 0.8378443E+02
  56 0.8331453E+02
  48 0.8242325E+02
  40 0.8407015E+02
  25 0.8351757E+02
   9 0.8383698E+02
  13 0.8306516E+02
  34 0.8349442E+02
   3 0.8328334E+02
  18 0.8330730E+02
  44 0.8325979E+02
  11 0.8299496E+02
   7 0.8259444E+02
  23 0.8323337E+02
  37 0.5851689E+02
   1 0.8365658E+02
  60 0.8283364E+02
   5 0.8357640E+02
  48 0.8373606E+02
  63 0.8334819E+02
   9 0.8431430E+02
  21 0.8326399E+02
  42 0.8312448E+02
  22 0.8322402E+02
  20 0.8379817E+02
  55 0.8308902E+02
  53 0.8364812E+02
  34 0.8386874E+02
  10 0.8359584E+02
  41 0.8332220E+02
  17 0.8323529E+02
  53 0.3358075E+02
   3 0.8339347E+02
  14 0.8267092E+02
  40 0.8365748E+02
  37 0.8378116E+02
  50 0.8246280E+02
   5 0.8308298E+02
  12 0.8344717E+02
  43 0.8326569E+02
  21 0.8362780E+02
  61 0.8331814E+02
  20 0.8424384E+02
  33 0.8275497E+02
  62 0.8317260E+02
   3 0.2641248E+02
  35 0.8327364E+02
  56 0.8252353E+02
  36 0.8311299E+02
  13 0.8369172E+02
  17 0.8344816E+02
   2 0.8375540E+02
  11 0.8357195E+02
  38 0.8351694E+02
   4 0.8355805E+02
  54 0.8333151E+02
  39 0.8328913E+02
  31 0.8285628E+02
  63 0.8334154E+02
  55 0.8332294E+02
  19 0.8298049E+02
  46 0.8351620E+02
  48 0.8326105E+02
   6 0.8325724E+02
  15 0.8346777E+02
  22 0.8364370E+02
  26 0.8365884E+02
  60 0.8306560E+02
  25 0.8354724E+02
  30 0.8320932E+02
  59 0.8307819E+02
  58 0.8307480E+02
  52 0.8332338E+02
  49 0.8379620E+02
  51 0.8310371E+02
  47 0.8364685E+02
   8 0.8301059E+02
  42 0.8356692E+02
  29 0.8356126E+02
  57 0.8379560E+02
  32 0.8370556E+02
  28 0.8334167E+02
   1 0.8352385E+02
  24 0.8360624E+02
   9 0.8332770E+02
  34 0.8305506E+02
  18 0.8362222E+02
  27 0.8321769E+02
  10 0.8380124E+02
  23 0.8323964E+02
  45 0.8288342E+02
  53 0.8347337E+02
  16 0.8373855E+02
  44 0.8322315E+02
   7 0.8330125E+02
  41 0.8319538E+02
  93 0.4313544E+02
  32 0.5606853E+02
  17 0.7220415E+02
  50 0.6935660E+02
  52 0.6812400E+02
  29 0.8406145E+02
   4 0.8375640E+02
  58 0.1074305E+02
 112 0.8429460E+02
  42 0.8361443E+02
  26 0.4002270E+02
  96 0.8370186E+02
  71 0.8376786E+02
 121 0.8317130E+02
   1 0.8354495E+02
 116 0.8378480E+02
  81 0.8398569E+02
  38 0.8446180E+02
  33 0.7906720E+02
  93 0.8332364E+02
 125 0.8382885E+02
  65 0.8290383E+02
  77 0.8407460E+02
  59 0.8391868E+02
  14 0.8296127E+02
  68 0.8289203E+02
  11 0.8392648E+02
  37 0.8338497E+02
 102 0.8362963E+02
 109 0.8345224E+02
  48 0.8407626E+02
   7 0.8357414E+02
  85 0.8357544E+02
   2 0.8270121E+02
   5 0.8334481E+02
  30 0.8284495E+02
   3 0.8326892E+02
 119 0.8343961E+02
  13 0.6554337E+02
  98 0.8263933E+02
  12 0.8280444E+02
 103 0.8343267E+02
  87 0.8292518E+02
  75 0.8343319E+02
 106 0.8425892E+02
  44 0.8370935E+02
  47 0.8267848E+02
   1 0.4173386E+02
 118 0.8321816E+02
  39 0.8358422E+02
  22 0.8383139E+02
  76 0.8279085E+02
  16 0.8355104E+02
  54 0.8276607E+02
  34 0.8302015E+02
  64 0.8275458E+02
  53 0.8351166E+02
  24 0.8333918E+02
  79 0.8316278E+02
 124 0.8386819E+02
  82 0.8302810E+02
  71 0.7168356E+02
  21 0.8317796E+02
  60 0.8248186E+02
  32 0.8340108E+02
  17 0.8301433E+02
 110 0.8360821E+02
  47 0.7764885E+02
  29 0.8353013E+02
  56 0.8323967E+02
  94 0.8284737E+02
  10 0.8259529E+02
  50 0.8295842E+02
 115 0.8310027E+02
 112 0.8337278E+02
 126 0.8278046E+02
  88 0.8363025E+02
 111 0.8297071E+02
  76 0.4324644E+02
  34 0.3393860E+02
  15 0.8347290E+02
  35 0.8331350E+02
 102 0.8364658E+02
  66 0.8284332E+02
  81 0.8228937E+02
   9 0.8317556E+02
  89 0.8297493E+02
  59 0.8381080E+02
  85 0.8356005E+02
 109 0.8346984E+02
  39 0.8396744E+02
  38 0.8291931E+02
 121 0.8276883E+02
  48 0.8349347E+02
  33 0.8248732E+02
  68 0.8275313E+02
  93 0.8257863E+02
  58 0.8352814E+02
  94 0.7298746E+02
  81 0.7458828E+02
  36 0.8329133E+02
  51 0.8312967E+02
   4 0.8300843E+02
   5 0.8334870E+02
 125 0.8328256E+02
  18 0.8258746E+02
 123 0.8357646E+02
  72 0.8269973E+02
  56 0.8313253E+02
  88 0.8181634E+02
  26 0.8399089E+02
 102 0.8342614E+02
  35 0.8272881E+02
  64 0.8299409E+02
 116 0.8293999E+02
 122 0.8295223E+02
  51 0.8388348E+02
  71 0.8372881E+02
  98 0.8334727E+02
  68 0.5637934E+02
  38 0.8390274E+02
  14 0.8347365E+02
 125 0.7508473E+02
  66 0.8332479E+02
  47 0.8342554E+02
  87 0.8273224E+02
 126 0.8321836E+02
  16 0.8331481E+02
 124 0.8340982E+02
  13 0.8289357E+02
  44 0.8273900E+02
  17 0.8331294E+02
   1 0.8269658E+02
 106 0.8285763E+02
  89 0.8352077E+02
  66 0.7290675E+02
  32 0.8317232E+02
 111 0.8299630E+02
  12 0.8310202E+02
  18 0.8292970E+02
  64 0.8349153E+02
 125 0.8395832E+02
  94 0.8342987E+02
 112 0.8262554E+02
 116 0.8435568E+02
 121 0.8300420E+02
  59 0.8291924E+02
  47 0.8335889E+02
  81 0.8358122E+02
 103 0.8339054E+02
  53 0.8240152E+02
 124 0.8373042E+02
  48 0.8316529E+02
  38 0.8369831E+02
  88 0.8347306E+02
  30 0.8326706E+02
   5 0.8372189E+02
   4 0.8327851E+02
 123 0.8330499E+02
  98 0.8357163E+02
  68 0.8267354E+02
  16 0.8390143E+02
 110 0.8294618E+02
  35 0.8285282E+02
  71 0.8308646E+02
 126 0.8295667E+02
  14 0.8307419E+02
  87 0.8368089E+02
  97 0.8365831E+02
  19 0.8336866E+02
 101 0.8373844E+02
  25 0.8299497E+02
  69 0.8383492E+02
  70 0.8389729E+02
  43 0.8316795E+02
 108 0.8368941E+02
   6 0.8324522E+02
  61 0.8334598E+02
  45 0.8374480E+02
  84 0.8372802E+02
  28 0.8381429E+02
 113 0.8328794E+02
  73 0.8336677E+02
  90 0.8333349E+02
  74 0.8351826E+02
 120 0.8289105E+02
 117 0.8324340E+02
 105 0.8336647E+02
  91 0.8323380E+02
  46 0.8362027E+02
  20 0.8324750E+02
  41 0.8361789E+02
  99 0.8352680E+02
  86 0.8341236E+02
 127 0.8324890E+02
  27 0.8336450E+02
   8 0.8327036E+02
  95 0.8369908E+02
  55 0.8345242E+02
  78 0.8329037E+02
  40 0.8346503E+02
  23 0.8325261E+02
  63 0.8332110E+02
  62 0.8357094E+02
  67 0.8287818E+02
 100 0.8321391E+02
  49 0.8386631E+02
  83 0.8333985E+02
 114 0.8376093E+02
  31 0.8375682E+02
  57 0.8305573E+02
 104 0.8356040E+02
  92 0.8344758E+02
  80 0.8333551E+02
 107 0.8326706E+02
  52 0.8322457E+02
  24 0.8326384E+02
 119 0.8348349E+02
  96 0.8374402E+02
  42 0.8295008E+02
   2 0.8379988E+02
  37 0.8334960E+02
  65 0.8307333E+02
  56 0.8394824E+02
  75 0.8346622E+02
  11 0.8327501E+02
  77 0.8304047E+02
  72 0.8315334E+02
   3 0.8289566E+02
   7 0.8315942E+02
  21 0.8343297E+02
  82 0.8291822E+02
  79 0.8337099E+02
  22 0.8356725E+02
  50 0.8365455E+02
  60 0.8332810E+02
  10 0.8278116E+02
 118 0.8374204E+02
  54 0.8323932E+02
  39 0.8267455E+02
  85 0.8338122E+02
  76 0.8330169E+02
  34 0.8325214E+02
  36 0.8342679E+02
 115 0.8323223E+02
  93 0.8343326E+02
   9 0.8349745E+02
 109 0.8277194E+02
  26 0.8314173E+02
  15 0.8271974E+02
 122 0.8351293E+02
  29 0.8326033E+02
  58 0.8316248E+02
 102 0.8334225E+02
  33 0.8346423E+02
  51 0.8317882E+02
