   1 0.7737218E+02
   1 0.7699806E+02
   1 0.7714370E+02
   1 0.7710774E+02
   1 0.7764905E+02
   1 0.7665833E+02
   1 0.7658873E+02
   1 0.7791636E+02
   1 0.7754106E+02
   1 0.7670935E+02
   1 0.7746122E+02
   1 0.7696008E+02
   1 0.7654864E+02
   1 0.7721772E+02
   1 0.7750771E+02
   1 0.7621362E+02
   1 0.7739016E+02
   1 0.7693873E+02
   1 0.7688361E+02
   1 0.7716308E+02
   1 0.7749450E+02
   1 0.7734464E+02
   1 0.7699453E+02
   1 0.7684102E+02
   1 0.7677807E+02
   1 0.7738869E+02
   1 0.7699494E+02
   1 0.2093954E+02
   1 0.7681727E+02
   1 0.7642542E+02
   1 0.7634822E+02
   1 0.7618967E+02
   1 0.7653094E+02
   1 0.7764736E+02
   1 0.7723140E+02
   1 0.7696742E+02
   1 0.7740778E+02
   1 0.7733593E+02
   1 0.7707410E+02
   1 0.7703535E+02
   1 0.7730226E+02
   1 0.7724283E+02
   1 0.7729160E+02
   1 0.7750395E+02
   1 0.7664251E+02
   1 0.7683522E+02
   1 0.7774770E+02
   1 0.7681964E+02
   1 0.7658071E+02
   1 0.7739495E+02
   1 0.7655886E+02
   1 0.7758895E+02
   1 0.7617978E+02
   1 0.3917191E+02
   1 0.7710152E+02
   1 0.7721732E+02
   1 0.7688916E+02
   1 0.6590219E+02
   1 0.7684346E+02
   1 0.7735991E+02
   1 0.7709417E+02
   1 0.7676569E+02
   1 0.7751233E+02
   1 0.7681685E+02
   1 0.6065013E+02
   1 0.7706485E+02
   1 0.7679559E+02
   1 0.7771720E+02
   1 0.7697841E+02
   1 0.7610180E+02
   1 0.7743544E+02
   1 0.7739815E+02
   1 0.7764511E+02
   1 0.7694703E+02
   1 0.7708994E+02
   1 0.7717941E+02
   1 0.7716561E+02
   1 0.7639924E+02
   1 0.7742107E+02
   1 0.7721876E+02
   1 0.7669339E+02
   1 0.7696994E+02
   1 0.7760445E+02
   1 0.7730018E+02
   1 0.7723696E+02
   1 0.7618207E+02
   1 0.7834005E+02
   1 0.7676021E+02
   1 0.7622455E+02
   1 0.7585971E+02
   1 0.7755950E+02
   1 0.7706504E+02
   1 0.7725180E+02
   1 0.7647756E+02
   1 0.7661511E+02
   1 0.7665092E+02
   1 0.4743884E+02
   1 0.7746174E+02
   1 0.7667675E+02
   1 0.7681984E+02
   1 0.7696444E+02
   1 0.7619250E+02
   1 0.7704503E+02
   1 0.7655016E+02
   1 0.7755261E+02
   1 0.7728587E+02
   1 0.7721675E+02
   1 0.7672725E+02
   1 0.7799080E+02
   1 0.7675976E+02
   1 0.7681595E+02
   1 0.7731643E+02
   1 0.7758533E+02
   1 0.7714121E+02
   1 0.7672250E+02
   1 0.7695246E+02
   1 0.7712909E+02
   1 0.4712285E+02
   1 0.6117519E+02
   1 0.7650374E+02
   1 0.7690142E+02
   1 0.7758565E+02
   1 0.7748137E+02
   1 0.7675786E+02
   1 0.7735974E+02
   1 0.7699687E+02
   1 0.4441027E+02
   1 0.7706752E+02
   1 0.7708445E+02
   1 0.7672244E+02
   1 0.7704540E+02
   1 0.7707310E+02
   1 0.7670556E+02
   1 0.7713212E+02
   1 0.7728484E+02
   1 0.7735798E+02
   1 0.7699290E+02
   1 0.7637118E+02
   1 0.7713353E+02
   1 0.7704154E+02
   1 0.7654435E+02
   1 0.7673864E+02
   1 0.7697685E+02
   1 0.7726205E+02
   1 0.7718762E+02
   1 0.7692729E+02
   1 0.7694398E+02
   1 0.7741718E+02
   1 0.7677670E+02
   1 0.7699689E+02
   1 0.7683559E+02
   1 0.7705510E+02
   1 0.7719263E+02
   1 0.7728463E+02
   1 0.7760721E+02
   1 0.7725298E+02
   1 0.7696622E+02
   1 0.7668245E+02
   1 0.7667437E+02
   1 0.7691441E+02
   1 0.7643383E+02
   1 0.7683657E+02
   1 0.7725194E+02
   1 0.7638430E+02
   1 0.7727463E+02
   1 0.7713200E+02
   1 0.7623477E+02
   1 0.7257013E+02
   1 0.7637403E+02
   1 0.7759995E+02
   1 0.7706721E+02
   1 0.7701997E+02
   1 0.7756947E+02
   1 0.7721118E+02
   1 0.5299586E+02
   1 0.7752453E+02
   1 0.7645391E+02
   1 0.7682441E+02
   1 0.7668426E+02
   1 0.2752743E+02
   1 0.7652328E+02
   1 0.7697783E+02
   1 0.7707301E+02
   1 0.7717102E+02
   1 0.7790484E+02
   1 0.7690275E+02
   1 0.7760992E+02
   1 0.7719738E+02
   1 0.7727594E+02
   1 0.7751921E+02
   1 0.7618336E+02
   1 0.7743167E+02
   1 0.7801075E+02
   1 0.7680353E+02
   1 0.7765898E+02
   1 0.7638844E+02
   1 0.7633625E+02
   1 0.7684689E+02
   1 0.7710550E+02
   1 0.7728449E+02
   1 0.7664643E+02
   1 0.7672108E+02
   1 0.7720662E+02
   1 0.7753376E+02
   1 0.7677012E+02
   1 0.7741288E+02
   1 0.7749131E+02
   1 0.7632337E+02
   1 0.7719075E+02
   1 0.7660358E+02
   1 0.7707019E+02
   1 0.7718171E+02
   1 0.7803530E+02
   1 0.7746229E+02
   1 0.7669670E+02
   1 0.7622737E+02
   1 0.7647087E+02
   1 0.7754873E+02
   1 0.7759030E+02
   1 0.7666246E+02
   1 0.7723530E+02
   1 0.7756949E+02
   1 0.7743314E+02
   1 0.7760799E+02
   1 0.4922473E+02
   1 0.6545121E+02
   1 0.3442756E+02
   1 0.7735819E+02
   1 0.7703441E+02
   1 0.7724038E+02
   1 0.7729425E+02
   1 0.7689772E+02
   1 0.7730131E+02
   1 0.7363241E+02
   1 0.7681612E+02
   1 0.7748064E+02
   1 0.7722580E+02
   1 0.7702770E+02
   1 0.7662438E+02
   1 0.7717540E+02
   1 0.7756908E+02
   1 0.7692353E+02
   1 0.7786493E+02
   1 0.7739098E+02
   1 0.7734045E+02
   1 0.7709728E+02
   1 0.7699060E+02
   1 0.7753655E+02
   1 0.7671181E+02
   1 0.7739786E+02
   1 0.7506772E+02
   1 0.7660136E+02
   1 0.6310936E+02
   1 0.7707750E+02
   1 0.7730097E+02
   1 0.7667943E+02
   3 0.7758068E+02
   1 0.7662197E+02
   2 0.7725880E+02
   2 0.3652688E+02
   3 0.7726102E+02
   1 0.7758187E+02
   2 0.7673249E+02
   3 0.7412855E+02
   2 0.7461868E+02
   2 0.7704791E+02
   1 0.7713549E+02
   2 0.7689055E+02
   1 0.7705251E+02
   3 0.7690465E+02
   2 0.7683904E+02
   3 0.7750388E+02
   3 0.7671263E+02
   3 0.7711603E+02
   3 0.7736019E+02
   1 0.7661897E+02
   2 0.7754492E+02
   2 0.7706966E+02
   2 0.7749446E+02
   3 0.7753551E+02
   1 0.7682490E+02
   1 0.7757253E+02
   3 0.7658541E+02
   2 0.7712836E+02
   1 0.7713740E+02
   3 0.7724529E+02
   2 0.7712794E+02
   1 0.7676183E+02
   1 0.7787186E+02
   1 0.7733732E+02
   3 0.7729679E+02
   2 0.7691767E+02
   3 0.7740765E+02
   2 0.7678506E+02
   3 0.7709806E+02
   2 0.7709694E+02
   1 0.7710080E+02
   2 0.7676971E+02
   2 0.7637739E+02
   3 0.7682363E+02
   1 0.7681098E+02
   2 0.7733991E+02
   3 0.7676707E+02
   1 0.7694724E+02
   3 0.7709036E+02
   3 0.7773617E+02
   1 0.7738133E+02
   3 0.7697381E+02
   2 0.7749756E+02
   2 0.7754170E+02
   2 0.7761214E+02
   1 0.7723366E+02
   2 0.7591193E+02
   1 0.7712459E+02
   3 0.7737553E+02
   1 0.7643961E+02
   3 0.7695565E+02
   3 0.7721346E+02
   3 0.7599721E+02
   2 0.7720017E+02
   1 0.7715760E+02
   1 0.7739006E+02
   3 0.7747827E+02
   2 0.7705897E+02
   3 0.7719249E+02
   1 0.7683488E+02
   1 0.7730352E+02
   1 0.7600468E+02
   2 0.7709038E+02
   2 0.7757725E+02
   1 0.7699340E+02
   3 0.7719983E+02
   2 0.7743445E+02
   1 0.7597807E+02
   1 0.7772848E+02
   1 0.5968007E+02
   1 0.7705288E+02
   1 0.7679002E+02
   1 0.7692875E+02
   3 0.7727681E+02
   2 0.7691900E+02
   2 0.7743544E+02
   1 0.7626183E+02
   3 0.7675834E+02
   1 0.5349582E+02
   2 0.7655910E+02
   2 0.7741162E+02
   3 0.7763158E+02
   1 0.7740347E+02
   3 0.3209019E+02
   1 0.7702511E+02
   1 0.7717058E+02
   1 0.7754292E+02
   2 0.7730917E+02
   1 0.7636028E+02
   3 0.7762761E+02
   2 0.7836990E+02
   2 0.7663150E+02
   2 0.7697832E+02
   2 0.7692586E+02
   1 0.7739596E+02
   1 0.7820679E+02
   3 0.7661510E+02
   3 0.1460397E+02
   1 0.7723135E+02
   3 0.7677066E+02
   3 0.7761221E+02
   2 0.7682305E+02
   3 0.4911539E+02
   1 0.7712031E+02
   1 0.7710191E+02
   1 0.7622335E+02
   2 0.7685320E+02
   3 0.7679023E+02
   3 0.7813931E+02
   2 0.7720042E+02
   2 0.7758515E+02
   3 0.7645214E+02
   3 0.7741544E+02
   2 0.7665842E+02
   1 0.7657231E+02
   1 0.2639692E+02
   3 0.7616438E+02
   1 0.5716006E+02
   1 0.3390602E+02
   2 0.7725660E+02
   2 0.7643978E+02
   3 0.7768745E+02
   1 0.7656531E+02
   3 0.7748702E+02
   1 0.7768225E+02
   3 0.6512335E+02
   2 0.7706237E+02
   2 0.7735671E+02
   1 0.7706959E+02
   1 0.7690709E+02
   3 0.7679011E+02
   3 0.7728495E+02
   2 0.7678343E+02
   3 0.7773047E+02
   2 0.7683820E+02
   1 0.7737583E+02
   1 0.7661359E+02
   1 0.4037925E+02
   1 0.7685841E+02
   3 0.7669256E+02
   3 0.7784521E+02
   2 0.7730386E+02
   2 0.7699034E+02
   1 0.7684029E+02
   1 0.7038484E+02
   3 0.7716855E+02
   1 0.7751271E+02
   2 0.7751433E+02
   3 0.7736045E+02
   1 0.7719749E+02
   2 0.7699560E+02
   1 0.7699713E+02
   3 0.7704312E+02
   3 0.7679783E+02
   3 0.7778999E+02
   2 0.7755039E+02
   1 0.7718420E+02
   1 0.7689944E+02
   3 0.7673505E+02
   2 0.7688557E+02
   2 0.7740688E+02
   1 0.7716065E+02
   2 0.5981083E+02
   3 0.7725435E+02
   1 0.7719471E+02
   1 0.7725470E+02
   2 0.7731405E+02
   3 0.7675350E+02
   2 0.6984495E+02
   1 0.7691056E+02
   3 0.7690832E+02
   3 0.7652391E+02
   2 0.7652384E+02
   1 0.7698138E+02
   3 0.7688226E+02
   2 0.7755414E+02
   1 0.7707290E+02
   2 0.7696452E+02
   3 0.7714222E+02
   3 0.7687345E+02
   1 0.7710312E+02
   2 0.7725103E+02
   3 0.7734726E+02
   3 0.7636669E+02
   1 0.7695531E+02
   3 0.7762537E+02
   1 0.7692730E+02
   2 0.7660849E+02
   3 0.7659117E+02
   3 0.7700332E+02
   1 0.7723156E+02
   2 0.7730074E+02
   1 0.7719651E+02
   2 0.7732515E+02
   1 0.7632659E+02
   2 0.7701861E+02
   3 0.7683853E+02
   3 0.2233009E+02
   3 0.7700372E+02
   2 0.7648467E+02
   3 0.7668759E+02
   1 0.7742791E+02
   3 0.7716021E+02
   2 0.7689773E+02
   2 0.7695681E+02
   2 0.7685831E+02
   1 0.7708058E+02
   3 0.7660085E+02
   2 0.7731745E+02
   3 0.7639428E+02
   2 0.7766325E+02
   2 0.7757657E+02
   1 0.7736862E+02
   2 0.7645663E+02
   3 0.7695617E+02
   1 0.7680611E+02
   1 0.7705839E+02
   2 0.7714122E+02
   1 0.7763254E+02
   3 0.7718896E+02
   1 0.6474825E+02
   2 0.7650358E+02
   3 0.7792924E+02
   2 0.7661641E+02
   2 0.7668622E+02
   1 0.7722371E+02
   3 0.7695804E+02
   3 0.7779925E+02
   3 0.6559977E+02
   2 0.7720826E+02
   2 0.7716512E+02
   1 0.7687677E+02
   2 0.7750078E+02
   1 0.7800670E+02
   2 0.7739411E+02
   3 0.7705402E+02
   2 0.7688984E+02
   3 0.7649931E+02
   2 0.7654787E+02
   1 0.7696592E+02
   2 0.7638275E+02
   1 0.7741373E+02
   2 0.7793878E+02
   1 0.7757060E+02
   2 0.7696265E+02
   3 0.7666675E+02
   1 0.7705408E+02
   3 0.7737407E+02
   6 0.7735718E+02
   7 0.7690968E+02
   5 0.7739736E+02
   1 0.7736624E+02
   7 0.7719931E+02
   3 0.7644523E+02
   6 0.7679241E+02
   5 0.7665864E+02
   6 0.7755046E+02
   2 0.7730796E+02
   4 0.7667722E+02
   3 0.7695920E+02
   5 0.7716437E+02
   4 0.7723551E+02
   1 0.7721544E+02
   2 0.7689578E+02
   4 0.7738312E+02
   6 0.7704522E+02
   7 0.7696964E+02
   1 0.7258687E+02
   5 0.7674011E+02
   3 0.7713731E+02
   2 0.7745302E+02
   5 0.7750430E+02
   3 0.6950882E+02
   4 0.7722100E+02
   3 0.7724531E+02
   2 0.7726961E+02
   3 0.7713208E+02
   6 0.7738964E+02
   7 0.7670902E+02
   1 0.7689297E+02
   3 0.7606866E+02
   1 0.7729988E+02
   5 0.7692828E+02
   3 0.7810204E+02
   7 0.7711268E+02
   4 0.7775243E+02
   6 0.7681335E+02
   2 0.7725234E+02
   4 0.7737092E+02
   3 0.7732311E+02
   5 0.7718884E+02
   4 0.7463383E+02
   2 0.7655578E+02
   6 0.7708434E+02
   1 0.7732823E+02
   2 0.7674266E+02
   7 0.7693272E+02
   4 0.7700195E+02
   3 0.7755545E+02
   2 0.7636881E+02
   1 0.7667976E+02
   5 0.7688671E+02
   2 0.7732369E+02
   6 0.7662632E+02
   1 0.7743463E+02
   2 0.7735415E+02
   7 0.7730818E+02
   5 0.7683425E+02
   1 0.7739977E+02
   4 0.7692722E+02
   2 0.7744648E+02
   7 0.7686121E+02
   3 0.7753112E+02
   6 0.7676718E+02
   5 0.7633960E+02
   6 0.7666018E+02
   7 0.7597926E+02
   5 0.7756600E+02
   1 0.7636783E+02
   5 0.2721366E+02
   7 0.7690595E+02
   6 0.7706403E+02
   4 0.7646379E+02
   2 0.7690138E+02
   3 0.7720990E+02
   1 0.7711944E+02
   4 0.7742333E+02
   7 0.7643251E+02
   5 0.7691844E+02
   4 0.7767194E+02
   1 0.7671486E+02
   5 0.7768674E+02
   7 0.7686014E+02
   6 0.7661489E+02
   6 0.7771902E+02
   5 0.7719340E+02
   7 0.7692948E+02
   2 0.7717061E+02
   1 0.7673864E+02
   3 0.7754709E+02
   6 0.7754462E+02
   4 0.7708310E+02
   7 0.7747706E+02
   6 0.7010608E+02
   3 0.7678492E+02
   4 0.7733469E+02
   7 0.7752535E+02
   4 0.5531829E+02
   5 0.7704510E+02
   6 0.7712018E+02
   2 0.7698146E+02
   1 0.7687538E+02
   7 0.7671707E+02
   3 0.7760919E+02
   5 0.7675315E+02
   1 0.7629716E+02
   2 0.7641972E+02
   4 0.7719678E+02
   7 0.7645077E+02
   6 0.7738380E+02
   4 0.7714369E+02
   7 0.7704372E+02
   1 0.7692728E+02
   7 0.7750570E+02
   3 0.7717463E+02
   1 0.7660424E+02
   5 0.7763078E+02
   1 0.7775003E+02
   2 0.7716374E+02
   1 0.7758096E+02
   2 0.7319130E+02
   6 0.7708422E+02
   4 0.7684576E+02
   2 0.7727882E+02
   6 0.7761876E+02
   2 0.5961855E+02
   7 0.7674316E+02
   2 0.5998891E+02
   4 0.7701968E+02
   3 0.7709610E+02
   5 0.7723023E+02
   7 0.7758504E+02
   5 0.6570639E+02
   1 0.7700354E+02
   2 0.7714534E+02
   4 0.7659656E+02
   3 0.7633897E+02
   6 0.7795660E+02
   1 0.7693380E+02
   4 0.7693333E+02
   1 0.7673293E+02
   4 0.7661452E+02
   7 0.7703117E+02
   5 0.7663932E+02
   2 0.7698346E+02
   1 0.7796215E+02
   3 0.7738213E+02
   6 0.7719123E+02
   7 0.7687405E+02
   2 0.7627217E+02
   5 0.7721293E+02
   7 0.7742125E+02
   3 0.7750537E+02
   4 0.7715217E+02
   2 0.7743557E+02
   1 0.7744537E+02
   6 0.7737961E+02
   2 0.7676143E+02
   5 0.7679428E+02
   7 0.7701127E+02
   5 0.7709823E+02
   3 0.7684128E+02
   4 0.7703567E+02
   7 0.7828523E+02
   1 0.7690136E+02
   6 0.7678951E+02
   4 0.7703386E+02
   2 0.7680187E+02
   6 0.7832061E+02
   7 0.7705440E+02
   4 0.7414213E+02
   1 0.7685154E+02
   5 0.7714074E+02
   2 0.7720780E+02
   4 0.7779117E+02
   3 0.7666757E+02
   1 0.7731194E+02
   5 0.7721772E+02
   7 0.7704380E+02
   2 0.7722385E+02
   6 0.7721150E+02
   5 0.7727605E+02
   3 0.7606852E+02
   2 0.7682407E+02
   4 0.7707111E+02
   4 0.7699425E+02
   2 0.7739049E+02
   1 0.7717327E+02
   4 0.7680732E+02
   7 0.7703924E+02
   4 0.7662363E+02
   2 0.7695960E+02
   7 0.7680630E+02
   6 0.7740813E+02
   1 0.7640306E+02
   4 0.7618566E+02
   5 0.7757207E+02
   3 0.7675564E+02
   2 0.7713678E+02
   6 0.1975058E+02
   3 0.7742282E+02
   4 0.7755616E+02
   5 0.7825816E+02
   2 0.7757932E+02
   3 0.7741069E+02
   7 0.7696465E+02
   3 0.7696412E+02
   2 0.7617222E+02
   5 0.7663751E+02
   4 0.7666018E+02
   1 0.7713083E+02
   6 0.7712893E+02
   2 0.7654639E+02
   6 0.6720261E+02
   4 0.7666581E+02
   5 0.7723280E+02
   7 0.7745514E+02
   4 0.7611759E+02
   3 0.7668140E+02
   5 0.7701053E+02
   5 0.4941718E+02
   1 0.7723889E+02
   3 0.7656555E+02
   7 0.7647454E+02
   4 0.7611465E+02
   2 0.7713190E+02
   6 0.7749489E+02
   7 0.7687802E+02
   4 0.7720487E+02
   3 0.7693472E+02
   2 0.7676099E+02
   5 0.7702504E+02
   1 0.7705506E+02
   7 0.7639590E+02
   4 0.7669379E+02
   2 0.7719000E+02
   6 0.7777316E+02
   1 0.7756866E+02
   7 0.7773337E+02
   1 0.7732753E+02
   3 0.7683674E+02
   4 0.7659334E+02
   7 0.7741960E+02
   5 0.7674272E+02
   1 0.7679140E+02
   3 0.7570708E+02
   2 0.7720140E+02
   7 0.7763620E+02
   6 0.7709442E+02
   4 0.7746931E+02
   5 0.7698509E+02
   1 0.7758336E+02
   2 0.7785373E+02
  14 0.7646482E+02
  13 0.7767077E+02
   7 0.7682856E+02
   4 0.7668861E+02
   2 0.7716467E+02
  14 0.7762974E+02
   5 0.7699381E+02
   9 0.7760000E+02
  15 0.7778893E+02
  13 0.7724278E+02
   6 0.7701312E+02
   7 0.7728121E+02
  14 0.7674083E+02
  12 0.7658250E+02
  11 0.7743293E+02
   4 0.7731825E+02
   5 0.7692844E+02
  10 0.7659799E+02
  15 0.7708064E+02
   5 0.3286853E+02
   2 0.7723661E+02
  11 0.7704866E+02
  15 0.7242369E+02
   5 0.7759320E+02
   7 0.7665152E+02
   1 0.7734847E+02
  10 0.7686319E+02
   5 0.6890129E+02
  11 0.7768662E+02
   1 0.7744186E+02
  10 0.7652620E+02
   7 0.7753090E+02
  15 0.7658879E+02
  11 0.7639405E+02
  12 0.7706291E+02
   4 0.7693606E+02
   7 0.7732792E+02
   1 0.7711552E+02
  11 0.7731700E+02
   5 0.7638010E+02
  12 0.7783417E+02
  10 0.7673608E+02
  12 0.2262258E+02
  11 0.5621634E+02
   3 0.7698184E+02
   7 0.7769437E+02
  15 0.7703292E+02
   8 0.7749362E+02
   9 0.7716567E+02
   5 0.7743780E+02
  12 0.7764697E+02
  13 0.7658450E+02
  11 0.7749869E+02
   6 0.7693222E+02
   8 0.7749134E+02
   3 0.7709116E+02
   4 0.7657952E+02
   1 0.7672936E+02
  12 0.5626070E+02
   8 0.7799769E+02
   5 0.7768800E+02
   2 0.7677114E+02
  11 0.7707797E+02
   8 0.7733451E+02
  12 0.7690126E+02
  14 0.7747596E+02
  12 0.7600697E+02
  12 0.6101458E+02
   1 0.7731665E+02
  10 0.7711982E+02
  10 0.5335771E+02
   3 0.7674925E+02
  11 0.7727152E+02
   3 0.6561805E+02
   1 0.7693317E+02
  11 0.7746180E+02
   9 0.7714425E+02
   3 0.7794916E+02
  13 0.7758213E+02
   1 0.7703423E+02
   6 0.7749574E+02
   7 0.7711850E+02
  15 0.7678190E+02
   3 0.7787084E+02
  10 0.7683233E+02
   4 0.7677923E+02
   8 0.7722041E+02
  15 0.7670519E+02
  12 0.7691008E+02
  13 0.7627390E+02
   5 0.7678175E+02
   7 0.7657561E+02
   7 0.7778434E+02
   2 0.7736752E+02
   5 0.7783740E+02
   4 0.7684543E+02
  15 0.7673556E+02
   5 0.7808723E+02
  14 0.7704980E+02
   3 0.7716500E+02
  11 0.7708256E+02
   8 0.7689323E+02
  11 0.7717247E+02
  15 0.7652820E+02
   3 0.7434398E+02
   2 0.7649597E+02
  10 0.7734139E+02
  12 0.7726030E+02
   8 0.7711198E+02
  10 0.7780838E+02
  11 0.7682499E+02
   4 0.7682188E+02
  15 0.7755741E+02
  14 0.7682746E+02
   8 0.7739428E+02
   6 0.7725052E+02
   2 0.7697200E+02
  11 0.7638225E+02
   9 0.7679176E+02
   6 0.7684466E+02
   9 0.7398381E+02
  15 0.7702025E+02
   1 0.7744971E+02
  13 0.7665735E+02
   1 0.1916030E+02
  12 0.7733084E+02
   9 0.7760421E+02
  15 0.7678683E+02
   6 0.7716794E+02
   4 0.7697395E+02
  10 0.7713856E+02
   9 0.7715746E+02
   7 0.7719109E+02
  12 0.7767267E+02
  13 0.7684840E+02
  11 0.7734173E+02
   9 0.7643774E+02
   5 0.7729293E+02
  13 0.7703744E+02
  12 0.7684931E+02
  15 0.7698645E+02
  12 0.7752316E+02
   7 0.7670344E+02
   6 0.7714867E+02
   3 0.7723633E+02
  14 0.7721717E+02
  15 0.7701330E+02
   8 0.7738969E+02
   5 0.7689803E+02
   2 0.7673427E+02
  14 0.7708251E+02
  11 0.7695005E+02
   9 0.7704290E+02
  10 0.7719055E+02
  15 0.7737944E+02
   8 0.7694559E+02
   5 0.7761535E+02
   9 0.7648673E+02
   7 0.7639880E+02
   2 0.7791684E+02
  12 0.7690529E+02
  11 0.7674397E+02
   3 0.7773436E+02
   8 0.6848551E+02
  12 0.7729927E+02
  13 0.7755002E+02
  15 0.7696005E+02
   2 0.7716194E+02
   6 0.7668493E+02
   1 0.7728150E+02
  13 0.7735516E+02
   4 0.7678888E+02
  12 0.7721928E+02
  13 0.6752825E+02
   3 0.7662379E+02
   7 0.7726163E+02
   1 0.7713987E+02
   2 0.7737618E+02
  14 0.7718333E+02
   2 0.2454774E+02
   4 0.7664844E+02
  10 0.7725904E+02
   7 0.7671897E+02
  14 0.7630165E+02
   2 0.6819647E+02
   6 0.7674211E+02
   7 0.7817514E+02
   3 0.7674476E+02
   1 0.7401591E+02
   9 0.7743674E+02
  12 0.7770443E+02
  14 0.7703414E+02
  12 0.5657274E+02
   4 0.7698568E+02
   7 0.7696436E+02
   6 0.7646927E+02
  11 0.7787983E+02
   2 0.7722177E+02
  13 0.7676419E+02
   3 0.7647737E+02
   6 0.7673538E+02
   7 0.7705628E+02
   3 0.7824841E+02
   5 0.7708835E+02
   1 0.7667657E+02
   8 0.7701093E+02
  10 0.7682153E+02
   2 0.7683562E+02
   3 0.7734536E+02
  15 0.7708883E+02
   8 0.7638308E+02
  12 0.7654590E+02
  12 0.1571407E+02
  14 0.7735364E+02
   5 0.7705433E+02
  12 0.7762253E+02
   7 0.7790827E+02
   2 0.7741001E+02
   8 0.7682595E+02
   6 0.7687100E+02
  12 0.7613774E+02
  15 0.7698125E+02
  13 0.7685942E+02
   5 0.7728005E+02
   8 0.7799867E+02
  11 0.7636231E+02
   6 0.7610253E+02
  12 0.7634383E+02
   9 0.7679267E+02
  14 0.7685061E+02
  12 0.7771904E+02
  10 0.7685494E+02
   3 0.7709526E+02
   8 0.7749603E+02
   5 0.7649556E+02
   4 0.7736347E+02
  15 0.7660341E+02
   7 0.7716502E+02
  12 0.7684479E+02
   5 0.7573583E+02
  10 0.7685535E+02
   4 0.7755098E+02
   6 0.7707923E+02
  15 0.7694210E+02
   1 0.7728280E+02
  12 0.7692101E+02
  13 0.7733440E+02
   5 0.7688135E+02
  14 0.7699201E+02
   2 0.7767809E+02
   7 0.7648945E+02
   3 0.7719678E+02
  11 0.7725562E+02
   8 0.7730473E+02
   9 0.7723008E+02
  16 0.2716143E+02
   6 0.7779765E+02
  13 0.7622872E+02
  27 0.7708986E+02
  24 0.7757210E+02
  22 0.7713467E+02
  31 0.7781269E+02
  28 0.7648616E+02
   4 0.7736503E+02
  18 0.7735633E+02
  16 0.7725787E+02
  29 0.7624487E+02
   8 0.7749837E+02
   1 0.7721733E+02
   3 0.7644904E+02
  22 0.7760555E+02
  26 0.7652538E+02
  17 0.7646017E+02
   7 0.7736502E+02
  14 0.7685175E+02
  19 0.7684854E+02
   7 0.7771084E+02
  10 0.7707109E+02
  29 0.7704610E+02
  17 0.7625221E+02
  16 0.7616183E+02
   3 0.7673207E+02
  18 0.7661808E+02
   1 0.7665862E+02
  29 0.7722995E+02
   7 0.7665774E+02
  10 0.7781326E+02
   3 0.7715783E+02
  14 0.7738707E+02
   7 0.7769491E+02
  17 0.7689608E+02
  11 0.7660756E+02
  15 0.7735594E+02
   7 0.7657969E+02
   5 0.7706392E+02
  23 0.7752569E+02
  12 0.7726180E+02
  25 0.7734129E+02
  20 0.7673365E+02
   9 0.7702676E+02
  21 0.7721514E+02
  11 0.7710947E+02
   2 0.7685314E+02
  17 0.7747158E+02
   7 0.7676562E+02
  20 0.7745852E+02
  12 0.7743700E+02
  24 0.7746612E+02
  15 0.7737956E+02
   5 0.7657333E+02
   6 0.7730987E+02
  30 0.7712806E+02
  23 0.7758280E+02
   2 0.7719735E+02
  26 0.7739594E+02
  12 0.7737902E+02
  31 0.7716295E+02
  28 0.7716906E+02
   7 0.7666082E+02
  22 0.7695893E+02
  21 0.7669953E+02
  27 0.7782643E+02
   6 0.7776656E+02
  13 0.7788490E+02
   4 0.7684893E+02
  20 0.7680631E+02
  27 0.6650785E+02
  22 0.7760968E+02
   8 0.7706279E+02
   9 0.7707495E+02
  31 0.7806088E+02
  16 0.7717100E+02
  21 0.7716799E+02
   5 0.7734493E+02
   7 0.7705716E+02
  22 0.7643891E+02
   8 0.7730534E+02
   1 0.7688886E+02
   6 0.7673503E+02
   9 0.7735835E+02
   4 0.7726259E+02
  19 0.7720193E+02
  29 0.7744834E+02
  31 0.7748277E+02
  18 0.7778524E+02
   7 0.7721287E+02
   4 0.7748634E+02
   8 0.7679923E+02
  22 0.7710506E+02
   3 0.7703054E+02
  18 0.7766062E+02
  27 0.7700096E+02
  14 0.7680588E+02
   8 0.7641563E+02
  10 0.7708313E+02
  14 0.6663662E+02
  29 0.7759072E+02
  22 0.7744757E+02
  17 0.7737280E+02
   4 0.7670841E+02
   6 0.7685476E+02
  23 0.7688701E+02
   7 0.7648501E+02
  19 0.7681879E+02
  31 0.7700733E+02
   8 0.7732845E+02
  22 0.7668241E+02
  20 0.7707541E+02
  27 0.7653228E+02
  19 0.7813030E+02
  30 0.7668319E+02
   2 0.7734261E+02
   3 0.7685927E+02
  25 0.7685460E+02
  17 0.7719985E+02
  20 0.7046927E+02
   8 0.2649670E+02
   6 0.7690983E+02
  14 0.7690311E+02
   7 0.7719573E+02
  11 0.7708073E+02
  27 0.7760038E+02
   7 0.6354557E+02
  24 0.7695141E+02
  17 0.7835428E+02
   2 0.7779829E+02
  30 0.7705700E+02
  31 0.7704805E+02
  29 0.7717400E+02
  31 0.5011901E+02
  22 0.7653678E+02
  26 0.7667584E+02
  15 0.7673362E+02
  27 0.7665046E+02
  13 0.7745803E+02
  28 0.7726180E+02
   2 0.7754007E+02
  24 0.7711781E+02
   6 0.7700385E+02
   8 0.7659928E+02
  22 0.7755234E+02
  16 0.7699523E+02
  12 0.7743784E+02
  13 0.7071909E+02
   7 0.7660874E+02
   9 0.7740523E+02
  30 0.7746430E+02
  26 0.7689950E+02
   6 0.7709207E+02
  21 0.7752772E+02
  11 0.7670676E+02
  22 0.7723656E+02
  30 0.5220049E+02
   7 0.7720581E+02
   9 0.7690706E+02
  29 0.7718028E+02
   5 0.7689969E+02
   6 0.7786140E+02
   8 0.7720557E+02
   7 0.6763674E+02
  16 0.7719471E+02
   5 0.7740519E+02
   1 0.7720295E+02
  28 0.7649957E+02
   5 0.5437877E+02
   1 0.6435839E+02
   2 0.7774242E+02
   6 0.7708876E+02
   2 0.6137302E+02
  23 0.7701150E+02
   9 0.7671132E+02
   8 0.7717480E+02
  20 0.7759702E+02
  10 0.7746405E+02
  16 0.7713982E+02
   9 0.7761711E+02
  18 0.7745239E+02
  17 0.7726405E+02
  11 0.7666833E+02
   1 0.7756158E+02
  11 0.6863013E+02
   9 0.7786030E+02
  20 0.7759252E+02
  29 0.7697931E+02
   4 0.7746831E+02
   8 0.7769803E+02
   3 0.7696901E+02
  19 0.7728798E+02
  27 0.7720031E+02
   9 0.7776799E+02
  23 0.7714238E+02
  25 0.7724336E+02
  18 0.7706261E+02
  20 0.7259630E+02
   1 0.7646816E+02
   9 0.7768690E+02
  28 0.7680092E+02
  28 0.5921885E+02
   4 0.7633336E+02
  25 0.7747878E+02
  14 0.7679343E+02
  10 0.7691740E+02
  16 0.7658789E+02
  19 0.7711238E+02
  18 0.7752424E+02
  27 0.7739053E+02
  26 0.7732963E+02
   7 0.7682634E+02
  31 0.7744755E+02
  12 0.7746864E+02
  15 0.7727174E+02
  28 0.7714766E+02
  14 0.7732753E+02
  13 0.7670105E+02
  24 0.7697529E+02
  19 0.7706875E+02
  21 0.7759322E+02
   6 0.7756142E+02
   5 0.7672081E+02
  13 0.7736868E+02
  22 0.7705604E+02
  27 0.7765504E+02
  28 0.7703762E+02
  12 0.7665140E+02
  21 0.7688469E+02
  13 0.7755120E+02
  31 0.7702243E+02
   2 0.7729431E+02
  17 0.7765119E+02
  29 0.7733061E+02
  24 0.7645146E+02
  30 0.7733649E+02
   9 0.7757693E+02
  15 0.7703120E+02
   1 0.7679790E+02
   8 0.7702649E+02
  23 0.7703198E+02
  11 0.7769979E+02
  20 0.7719504E+02
  26 0.7695775E+02
  18 0.7705727E+02
   7 0.7744147E+02
  14 0.7713492E+02
   3 0.7723009E+02
  19 0.7709475E+02
   4 0.7664115E+02
  10 0.7722282E+02
  16 0.7722354E+02
   5 0.7667601E+02
   6 0.7672835E+02
  25 0.7706830E+02
  62 0.4211679E+02
  26 0.6724737E+02
  12 0.7756023E+02
  28 0.5289276E+02
   6 0.7765471E+02
  13 0.2086875E+02
   2 0.7642840E+02
  38 0.7684093E+02
  11 0.7767963E+02
  60 0.7712156E+02
  21 0.7671908E+02
  51 0.7719798E+02
  27 0.6553598E+02
  15 0.7669846E+02
  35 0.7704110E+02
   5 0.5476966E+02
   9 0.7699802E+02
  56 0.7687892E+02
   3 0.7708820E+02
  12 0.7708993E+02
  36 0.7693124E+02
  16 0.7657023E+02
  22 0.7619771E+02
  42 0.7725923E+02
  31 0.7714408E+02
  27 0.7786369E+02
  23 0.7654361E+02
  30 0.7712825E+02
  59 0.7690525E+02
  62 0.7639647E+02
   7 0.7718070E+02
  43 0.7751014E+02
  49 0.7704643E+02
   2 0.7752842E+02
  29 0.7647201E+02
  53 0.7655466E+02
  39 0.7647774E+02
  38 0.7726300E+02
  37 0.7708029E+02
  47 0.7610625E+02
  25 0.7695539E+02
  31 0.7664062E+02
  12 0.7722185E+02
  18 0.7661314E+02
   7 0.6802224E+02
  29 0.7687035E+02
  59 0.7742922E+02
  47 0.6601219E+02
  38 0.7723595E+02
  26 0.7686215E+02
  61 0.7694413E+02
  49 0.7616135E+02
  37 0.7727505E+02
  30 0.7766733E+02
  43 0.7707983E+02
  36 0.7706442E+02
  23 0.7652888E+02
  35 0.7718547E+02
  46 0.7699454E+02
  11 0.7702857E+02
  13 0.7673247E+02
   3 0.7715564E+02
  47 0.7765650E+02
  49 0.7771089E+02
  37 0.4965140E+02
  26 0.7681756E+02
  35 0.5953265E+02
  38 0.7662299E+02
  42 0.7616789E+02
  23 0.7777516E+02
  62 0.7661986E+02
  13 0.7716168E+02
  38 0.7102809E+02
  43 0.7636973E+02
  37 0.7750041E+02
  49 0.7651676E+02
  43 0.3150526E+02
  35 0.7668078E+02
  61 0.7669959E+02
   3 0.7688660E+02
  38 0.7671271E+02
  29 0.7718990E+02
  30 0.7719642E+02
  38 0.7725511E+02
   6 0.7649780E+02
  18 0.7688503E+02
  27 0.7704379E+02
  29 0.7730192E+02
  38 0.7218480E+02
  27 0.7727843E+02
   6 0.6598442E+02
  40 0.7689831E+02
  38 0.7829423E+02
  63 0.7668165E+02
  19 0.7746254E+02
  58 0.7681403E+02
  24 0.7666781E+02
   3 0.7746192E+02
  24 0.4454756E+02
  57 0.7794476E+02
  28 0.7740226E+02
  14 0.7697133E+02
  35 0.7748596E+02
  40 0.5540153E+02
   8 0.7689000E+02
  61 0.7736598E+02
  32 0.7784137E+02
  57 0.6081764E+02
  33 0.7740402E+02
  44 0.7717913E+02
  11 0.7741891E+02
  34 0.7658593E+02
   4 0.7717760E+02
  60 0.7724654E+02
  20 0.7714606E+02
  29 0.7701795E+02
  17 0.7742322E+02
  30 0.7707772E+02
  24 0.7698314E+02
  45 0.7684863E+02
  38 0.7623330E+02
  40 0.7375652E+02
  22 0.7720808E+02
  10 0.7669733E+02
  23 0.7655199E+02
   1 0.7673245E+02
  24 0.7743014E+02
  54 0.7732724E+02
  18 0.7637200E+02
  54 0.6816305E+02
  52 0.7726296E+02
   6 0.7701941E+02
  50 0.7661699E+02
  55 0.7729775E+02
  44 0.7738849E+02
  41 0.7705832E+02
  21 0.7699470E+02
   8 0.7734118E+02
  18 0.5100906E+02
  24 0.7762763E+02
  48 0.7711042E+02
  51 0.7720215E+02
  22 0.7730476E+02
  45 0.5041119E+02
  38 0.7736606E+02
  32 0.7721504E+02
  39 0.7710808E+02
  30 0.7746844E+02
  15 0.7692000E+02
  16 0.7713502E+02
  34 0.7695539E+02
  52 0.7726120E+02
  21 0.5091520E+02
   5 0.7659251E+02
  24 0.3765432E+02
  49 0.7680530E+02
  33 0.7730642E+02
   1 0.7741746E+02
  21 0.6922125E+02
  56 0.7721667E+02
  48 0.7772933E+02
  50 0.7703739E+02
   9 0.7687199E+02
  45 0.7649703E+02
  59 0.7708530E+02
  31 0.7697982E+02
  24 0.7761852E+02
   2 0.7783789E+02
  52 0.3830769E+02
   1 0.7722997E+02
  51 0.7785146E+02
  53 0.7701634E+02
  23 0.7733439E+02
   5 0.7646847E+02
   4 0.7641489E+02
  21 0.7713525E+02
  56 0.7708882E+02
   7 0.7662559E+02
  30 0.7698042E+02
  25 0.7687126E+02
  12 0.7667038E+02
  32 0.7663785E+02
  59 0.7706156E+02
  32 0.1682554E+02
  45 0.7736924E+02
  18 0.7703695E+02
  12 0.7051046E+01
  55 0.7690334E+02
   4 0.7715858E+02
  27 0.7717836E+02
  46 0.7705732E+02
  39 0.7702254E+02
  52 0.7658944E+02
  41 0.7688822E+02
  43 0.7732479E+02
  59 0.7743747E+02
  36 0.7755556E+02
  15 0.7710975E+02
  37 0.7699837E+02
   4 0.7790298E+02
  47 0.7673118E+02
  17 0.7713916E+02
  16 0.7667347E+02
  51 0.7597291E+02
  11 0.7776336E+02
  45 0.7652452E+02
   5 0.7698141E+02
  30 0.7734571E+02
  55 0.7753717E+02
   9 0.7676864E+02
  26 0.7705123E+02
  60 0.7729988E+02
  32 0.7601830E+02
  62 0.7753553E+02
   2 0.7697778E+02
  50 0.7720760E+02
  53 0.7720688E+02
  52 0.7683172E+02
  29 0.7705308E+02
  42 0.7721098E+02
  27 0.7643469E+02
   3 0.7688609E+02
  57 0.7744074E+02
  13 0.7724805E+02
  10 0.7762144E+02
  18 0.7630056E+02
  54 0.7722967E+02
  46 0.7641213E+02
  38 0.7728726E+02
   1 0.7677827E+02
  48 0.7704952E+02
  31 0.7725025E+02
  58 0.7718306E+02
  63 0.7687719E+02
  23 0.7718838E+02
  24 0.7693775E+02
  49 0.7737673E+02
  35 0.7720822E+02
  19 0.7714580E+02
  20 0.7711381E+02
  61 0.7740691E+02
  28 0.7756573E+02
  14 0.7679265E+02
  21 0.7702222E+02
   8 0.7716287E+02
  12 0.7697917E+02
   6 0.7697946E+02
  39 0.7664727E+02
  44 0.7700528E+02
  33 0.7730555E+02
  22 0.7720283E+02
  40 0.7721009E+02
  56 0.7707259E+02
   7 0.7732334E+02
  34 0.7697538E+02
  25 0.7732089E+02
  29 0.1660110E+02
 113 0.1289625E+02
  68 0.7778136E+02
  44 0.7717056E+02
 123 0.4695371E+01
 122 0.7662045E+02
  36 0.7702294E+02
  64 0.5719573E+02
  72 0.7667261E+02
  27 0.7684440E+02
  84 0.7712591E+02
 124 0.7757220E+02
  61 0.7774940E+02
 122 0.3870926E+02
   9 0.7765373E+02
  31 0.7735359E+02
  16 0.7722713E+02
  17 0.7702834E+02
 112 0.1238498E+02
  92 0.6033041E+02
  33 0.7748242E+02
  82 0.7743712E+02
  50 0.7722129E+02
  78 0.7732833E+02
  73 0.7724068E+02
 125 0.7745187E+02
  81 0.7607237E+02
  35 0.7683820E+02
  89 0.7693543E+02
  83 0.7753133E+02
  14 0.7701859E+02
 113 0.1226518E+01
  28 0.7717299E+02
 121 0.7766321E+02
  86 0.7785433E+02
  93 0.7747062E+02
 106 0.7783444E+02
  27 0.6755112E+02
  85 0.7731991E+02
 115 0.5636895E+02
  47 0.7656031E+02
  46 0.7742156E+02
  74 0.7741960E+02
  72 0.7068194E+02
 100 0.7722796E+02
 105 0.7657023E+02
  95 0.7712567E+02
  41 0.7682157E+02
  10 0.7673314E+02
 114 0.7714638E+02
  71 0.7784571E+02
   4 0.7688379E+02
   3 0.7730363E+02
  19 0.7809675E+02
  59 0.7748430E+02
 102 0.7659467E+02
   9 0.2430864E+02
 112 0.3721393E+02
  99 0.7695899E+02
  77 0.7651521E+02
  68 0.7721957E+02
 108 0.7711616E+02
 110 0.7682234E+02
  60 0.7742342E+02
  42 0.7731647E+02
  75 0.7666457E+02
  43 0.7593570E+02
  22 0.7633923E+02
  90 0.7709628E+02
 100 0.6896907E+02
  13 0.7580157E+02
  23 0.7616546E+02
 101 0.7584833E+02
 121 0.7780679E+02
  30 0.7644366E+02
  21 0.7682949E+02
 120 0.7691940E+02
 116 0.7656046E+02
 113 0.7501331E+02
  47 0.7788831E+02
  61 0.7731777E+02
  99 0.6880545E+02
  54 0.7609050E+02
  55 0.7709133E+02
  29 0.7655868E+02
  45 0.7755754E+02
  37 0.7628090E+02
  11 0.7689991E+02
 123 0.7748691E+02
  22 0.7675372E+02
  87 0.7688642E+02
 105 0.7717283E+02
  74 0.7822473E+02
  76 0.7639834E+02
  25 0.7729653E+02
  98 0.7677580E+02
  95 0.6176958E+02
  33 0.7720599E+02
  53 0.7657778E+02
  78 0.7787465E+02
 122 0.7665531E+02
  16 0.7739059E+02
 119 0.7672931E+02
  77 0.7699144E+02
  58 0.7664277E+02
 102 0.7727800E+02
  47 0.7668600E+02
  72 0.7762384E+02
  40 0.7707862E+02
  73 0.7702615E+02
  86 0.7724743E+02
  35 0.7686099E+02
  93 0.7751887E+02
  58 0.3384747E+02
  81 0.7681575E+02
  13 0.7747175E+02
 123 0.7761875E+02
  68 0.7758592E+02
  42 0.7697598E+02
  30 0.7754153E+02
   9 0.7694891E+02
  23 0.7778779E+02
 120 0.7636154E+02
  84 0.7679338E+02
  89 0.7667737E+02
   1 0.7690802E+02
  29 0.7802553E+02
  64 0.7690014E+02
  43 0.7796039E+02
 113 0.7693418E+02
 121 0.7776967E+02
  13 0.7709817E+02
  47 0.7678630E+02
  35 0.7665901E+02
  44 0.7675977E+02
  86 0.7605871E+02
  33 0.7682997E+02
  27 0.7669365E+02
 114 0.7615377E+02
 106 0.7679210E+02
  29 0.5407379E+02
  76 0.7722598E+02
  40 0.7697070E+02
  83 0.7648612E+02
  71 0.7659103E+02
  25 0.7655097E+02
  73 0.7760919E+02
 123 0.7779978E+02
  77 0.7740451E+02
  21 0.7656707E+02
  81 0.7657612E+02
  98 0.7692270E+02
 108 0.7682732E+02
  50 0.7650778E+02
  89 0.7774370E+02
  45 0.7677260E+02
  90 0.7697574E+02
  99 0.7633687E+02
 120 0.7650648E+02
  87 0.7683751E+02
  43 0.7692534E+02
  42 0.7667605E+02
  58 0.7608340E+02
  16 0.7717594E+02
 119 0.7710540E+02
  74 0.7625514E+02
   9 0.7642502E+02
  75 0.7737452E+02
  54 0.7685755E+02
  51 0.7678779E+02
 127 0.7693094E+02
  23 0.7695073E+02
  84 0.7666020E+02
  37 0.7733558E+02
  26 0.7672264E+02
  11 0.7698820E+02
 116 0.7784769E+02
   6 0.7726955E+02
  55 0.7714749E+02
  91 0.7732073E+02
  32 0.7749223E+02
  36 0.7793310E+02
  53 0.7663987E+02
  68 0.7663124E+02
  78 0.7664229E+02
  88 0.7715232E+02
  97 0.7755282E+02
  79 0.7737555E+02
  63 0.7691658E+02
  70 0.7683851E+02
  65 0.7675266E+02
 117 0.7648704E+02
  39 0.7710989E+02
  57 0.7688483E+02
  95 0.7695233E+02
  24 0.7684855E+02
  52 0.7702486E+02
  93 0.7752926E+02
  48 0.7676659E+02
  96 0.7655821E+02
  38 0.7745545E+02
   7 0.7726100E+02
   8 0.7734185E+02
 118 0.7731426E+02
  60 0.7733446E+02
  67 0.7683053E+02
  15 0.7716764E+02
  56 0.7695315E+02
   2 0.7740726E+02
   5 0.7676750E+02
 111 0.7736329E+02
 103 0.7702749E+02
  20 0.7761087E+02
  64 0.7710405E+02
  94 0.7730958E+02
 109 0.7762014E+02
 100 0.7714113E+02
  62 0.7673181E+02
  34 0.7680377E+02
  80 0.7685453E+02
  18 0.7661928E+02
 107 0.7707460E+02
  66 0.7741190E+02
  49 0.7748807E+02
 104 0.7689715E+02
  69 0.7723805E+02
 112 0.7652095E+02
 126 0.7736112E+02
  10 0.7715441E+02
 125 0.7713803E+02
  22 0.7692488E+02
  31 0.7688153E+02
  85 0.7724619E+02
  59 0.7760599E+02
  14 0.7762971E+02
  92 0.7674983E+02
  12 0.7650147E+02
 115 0.7677714E+02
 105 0.7679689E+02
  17 0.7734064E+02
 124 0.7702882E+02
  28 0.7661985E+02
  46 0.7723357E+02
  82 0.7725400E+02
  41 0.7676205E+02
   4 0.7710754E+02
   3 0.7686314E+02
  72 0.7739680E+02
 122 0.7704825E+02
  61 0.7724039E+02
 110 0.7729620E+02
  19 0.7660837E+02
  30 0.7671519E+02
 101 0.7759099E+02
 102 0.7665983E+02
   1 0.7708136E+02
