   1 0.7114667E+02
   1 0.7032949E+02
   1 0.7014451E+02
   1 0.7005714E+02
   1 0.7081776E+02
   1 0.7080700E+02
   1 0.6935785E+02
   1 0.7061676E+02
   1 0.7115556E+02
   1 0.7051669E+02
   1 0.7067667E+02
   1 0.7000260E+02
   1 0.6989996E+02
   1 0.7037119E+02
   1 0.7083517E+02
   1 0.7074740E+02
   1 0.7039357E+02
   1 0.7029519E+02
   1 0.7076674E+02
   1 0.7034951E+02
   1 0.7058191E+02
   1 0.7068796E+02
   1 0.7023991E+02
   1 0.7025147E+02
   1 0.7021269E+02
   1 0.7050346E+02
   1 0.7014682E+02
   1 0.6985534E+02
   1 0.7031540E+02
   1 0.7091021E+02
   1 0.7027774E+02
   1 0.6994974E+02
   1 0.6560316E+02
   1 0.7068502E+02
   1 0.7097713E+02
   1 0.7039609E+02
   1 0.7095196E+02
   1 0.7032634E+02
   1 0.7012681E+02
   1 0.7071350E+02
   1 0.7038925E+02
   1 0.6964799E+02
   1 0.7024004E+02
   1 0.6977897E+02
   1 0.4967819E+02
   1 0.7065268E+02
   1 0.6990056E+02
   1 0.7035204E+02
   1 0.7105332E+02
   1 0.7081517E+02
   1 0.7084432E+02
   1 0.3521265E+02
   1 0.4172485E+02
   1 0.6997839E+02
   1 0.6976028E+02
   1 0.7020116E+02
   1 0.7100399E+02
   1 0.7022512E+02
   1 0.6958460E+02
   1 0.1218373E+02
   1 0.6966418E+02
   1 0.7004207E+02
   1 0.6971792E+02
   1 0.7104534E+02
   1 0.7034130E+02
   1 0.7011119E+02
   1 0.7012936E+02
   1 0.7006748E+02
   1 0.7034684E+02
   1 0.7007162E+02
   1 0.6998504E+02
   1 0.6535070E+02
   1 0.5940150E+02
   1 0.7040701E+02
   1 0.5688744E+01
   1 0.7060643E+02
   1 0.6939238E+02
   1 0.7058867E+02
   1 0.7070052E+02
   1 0.6961479E+02
   1 0.3676336E+02
   1 0.7028126E+02
   1 0.7056170E+02
   1 0.6939953E+02
   1 0.6927234E+02
   1 0.7046757E+02
   1 0.6219951E+02
   1 0.7039270E+02
   1 0.7006699E+02
   1 0.6981636E+02
   1 0.7065096E+02
   1 0.7087194E+02
   1 0.6999676E+02
   1 0.7056022E+02
   1 0.6985876E+02
   1 0.4870587E+02
   1 0.7013191E+02
   1 0.6998333E+02
   1 0.7064536E+02
   1 0.7061008E+02
   1 0.7048183E+02
   1 0.6998908E+02
   1 0.6973769E+02
   1 0.6967033E+02
   1 0.7023265E+02
   1 0.7039111E+02
   1 0.7055193E+02
   1 0.7053670E+02
   1 0.6940725E+02
   1 0.7085017E+02
   1 0.7066187E+02
   1 0.7036410E+02
   1 0.7082265E+02
   1 0.7013730E+02
   1 0.7031464E+02
   1 0.7139612E+02
   1 0.7012905E+02
   1 0.6953390E+02
   1 0.7058360E+02
   1 0.7056925E+02
   1 0.7060346E+02
   1 0.7026206E+02
   1 0.7030424E+02
   1 0.7010414E+02
   1 0.7012521E+02
   1 0.5850151E+02
   1 0.6988621E+02
   1 0.7034893E+02
   1 0.7024940E+02
   1 0.7057967E+02
   1 0.7029304E+02
   1 0.6997339E+02
   1 0.7098634E+02
   1 0.7016706E+02
   1 0.7042001E+02
   1 0.7040447E+02
   1 0.6983287E+02
   1 0.7044208E+02
   1 0.7055541E+02
   1 0.7047862E+02
   1 0.7019682E+02
   1 0.7070152E+02
   1 0.7063140E+02
   1 0.7039875E+02
   1 0.7021744E+02
   1 0.7033963E+02
   1 0.7001580E+02
   1 0.6976418E+02
   1 0.7042831E+02
   1 0.6990320E+02
   1 0.6997444E+02
   1 0.6625566E+02
   1 0.7028949E+02
   1 0.7055100E+02
   1 0.7041864E+02
   1 0.7089866E+02
   1 0.7042311E+02
   1 0.7026033E+02
   1 0.6930338E+02
   1 0.6586838E+02
   1 0.7092215E+02
   1 0.7018123E+02
   1 0.7043861E+02
   1 0.7009631E+02
   1 0.7048700E+02
   1 0.7023523E+02
   1 0.7024865E+02
   1 0.6990617E+02
   1 0.7016588E+02
   1 0.7008875E+02
   1 0.7027612E+02
   1 0.7059432E+02
   1 0.7068173E+02
   1 0.7072679E+02
   1 0.7011561E+02
   1 0.6992869E+02
   1 0.7031039E+02
   1 0.7015316E+02
   1 0.7081175E+02
   1 0.6957743E+02
   1 0.7054550E+02
   1 0.7030069E+02
   1 0.7042999E+02
   1 0.7032339E+02
   1 0.7042492E+02
   1 0.7053703E+02
   1 0.7103035E+02
   1 0.7071701E+02
   1 0.6993367E+02
   1 0.7055979E+02
   1 0.6987298E+02
   1 0.7042297E+02
   1 0.5506945E+02
   1 0.6956687E+02
   1 0.7078487E+02
   1 0.7028484E+02
   1 0.3909122E+02
   1 0.7024448E+02
   1 0.7033226E+02
   1 0.7044369E+02
   1 0.7046099E+02
   1 0.7050171E+02
   1 0.7070411E+02
   1 0.7013437E+02
   1 0.6988887E+02
   1 0.6977917E+02
   1 0.7036412E+02
   1 0.6192698E+02
   1 0.6999597E+02
   1 0.7006854E+02
   1 0.7026107E+02
   1 0.7049282E+02
   1 0.7095568E+02
   1 0.7004018E+02
   1 0.7041137E+02
   1 0.7021158E+02
   1 0.7124151E+02
   1 0.7119440E+02
   1 0.4223562E+02
   1 0.7013114E+02
   1 0.4135497E+02
   1 0.7069599E+02
   1 0.7019871E+02
   1 0.6905713E+02
   1 0.7038848E+02
   1 0.7066440E+02
   1 0.7025089E+02
   1 0.7090832E+02
   1 0.7105906E+02
   1 0.7095010E+02
   1 0.7093696E+02
   1 0.7019921E+02
   1 0.7002494E+02
   1 0.7050230E+02
   1 0.7008426E+02
   1 0.7139929E+02
   1 0.6999391E+02
   1 0.3098373E+02
   1 0.5607122E+02
   1 0.6647294E+02
   1 0.5169633E+02
   1 0.6994345E+02
   1 0.7064409E+02
   1 0.6952939E+02
   1 0.7067312E+02
   1 0.6977589E+02
   1 0.7022663E+02
   1 0.7076356E+02
   1 0.7054063E+02
   1 0.7007385E+02
   1 0.7021043E+02
   1 0.5604046E+02
   1 0.6991611E+02
   1 0.6965349E+02
   1 0.7021941E+02
   1 0.7057215E+02
   1 0.7006433E+02
   1 0.7028815E+02
   1 0.7013383E+02
   1 0.7024770E+02
   1 0.7057455E+02
   1 0.7032770E+02
   1 0.7021243E+02
   1 0.7060701E+02
   1 0.6911977E+02
   1 0.6990973E+02
   1 0.7046354E+02
   1 0.7085854E+02
   1 0.7054288E+02
   1 0.6959806E+02
   1 0.7135416E+02
   1 0.7072637E+02
   1 0.7029116E+02
   1 0.7004121E+02
   1 0.7040281E+02
   1 0.6991893E+02
   1 0.7071482E+02
   1 0.6995376E+02
   1 0.6946150E+02
   1 0.7086952E+02
   1 0.7009640E+02
   1 0.7033492E+02
   1 0.6967750E+02
   1 0.7008654E+02
   1 0.7085681E+02
   1 0.7040962E+02
   1 0.7057559E+02
   1 0.7045711E+02
   1 0.6997156E+02
   1 0.6955437E+02
   1 0.7065289E+02
   1 0.6979469E+02
   1 0.7018826E+02
   1 0.7023680E+02
   1 0.7002408E+02
   1 0.6980189E+02
   1 0.7040157E+02
   1 0.7050495E+02
   1 0.7046936E+02
   1 0.1837037E+02
   1 0.7009335E+02
   1 0.7084396E+02
   1 0.7025684E+02
   1 0.7048406E+02
   1 0.7005006E+02
   1 0.7091146E+02
   1 0.7003019E+02
   1 0.6927986E+02
   1 0.7128397E+02
   1 0.6980051E+02
   1 0.7097862E+02
   1 0.7058701E+02
   1 0.7045898E+02
   1 0.6992182E+02
   1 0.7039235E+02
   1 0.7024704E+02
   1 0.7024759E+02
   1 0.7025022E+02
   1 0.6993445E+02
   1 0.7082917E+02
   1 0.7028466E+02
   1 0.7085116E+02
   1 0.7008955E+02
   1 0.7073069E+02
   1 0.7045055E+02
   1 0.3192883E+02
   1 0.7027550E+02
   1 0.6993129E+02
   1 0.7092988E+02
   1 0.6942958E+02
   1 0.7011370E+02
   1 0.7046231E+02
   1 0.7079849E+02
   1 0.7023091E+02
   1 0.6984505E+02
   1 0.7026946E+02
   1 0.7046911E+02
   1 0.7058904E+02
   1 0.1268384E+02
   1 0.6980334E+02
   1 0.7052603E+02
   1 0.6998193E+02
   1 0.7007173E+02
   1 0.7062939E+02
   1 0.7074157E+02
   1 0.7013643E+02
   1 0.7001088E+02
   1 0.7101870E+02
   1 0.7033342E+02
   1 0.7063840E+02
   1 0.7054510E+02
   1 0.7044372E+02
   1 0.7015285E+02
   1 0.5551148E+02
   1 0.6990068E+02
   1 0.7022896E+02
   1 0.7049952E+02
   1 0.7040969E+02
   1 0.7016639E+02
   1 0.7029120E+02
   1 0.6994031E+02
   1 0.7060775E+02
   1 0.3405629E+02
   1 0.7054811E+02
   1 0.7010396E+02
   1 0.7000940E+02
   1 0.6998092E+02
   1 0.7011738E+02
   1 0.7049972E+02
   1 0.1940195E+02
   1 0.6992125E+02
   1 0.2034403E+02
   1 0.7053768E+02
   1 0.6999927E+02
   1 0.7080382E+02
   1 0.7055461E+02
   1 0.7062415E+02
   1 0.6526193E+02
   1 0.7007922E+02
   1 0.7084977E+02
   1 0.7013417E+02
   1 0.7126039E+02
   1 0.7040254E+02
   1 0.7011522E+02
   1 0.7025826E+02
   1 0.6979085E+02
   1 0.7036353E+02
   1 0.7079288E+02
   1 0.7015595E+02
   1 0.7048330E+02
   1 0.7038519E+02
   1 0.6984251E+02
   1 0.8433178E+01
   1 0.6986899E+02
   1 0.7007135E+02
   1 0.6948510E+02
   1 0.7005033E+02
   1 0.7056028E+02
   1 0.6938301E+02
   1 0.7035817E+02
   1 0.7010987E+02
   1 0.7008953E+02
   1 0.6990529E+02
   1 0.7007789E+02
   1 0.7012934E+02
   1 0.7109441E+02
   1 0.7049898E+02
   1 0.6983133E+02
   1 0.7089860E+02
   1 0.6985448E+02
   1 0.7053917E+02
   1 0.7065216E+02
   1 0.7017463E+02
   1 0.6969565E+02
   1 0.7045332E+02
   1 0.7046403E+02
   1 0.7049971E+02
   1 0.7021142E+02
   1 0.6975310E+02
   1 0.7015122E+02
   1 0.7041528E+02
   1 0.7057340E+02
   1 0.7028264E+02
   1 0.7040461E+02
   1 0.5155452E+02
   1 0.7003847E+02
   1 0.7031138E+02
   1 0.7024553E+02
   1 0.7018148E+02
   1 0.7070216E+02
   1 0.7046975E+02
   1 0.7038381E+02
   1 0.7043919E+02
   1 0.4774208E+02
   1 0.7104914E+02
   1 0.7058829E+02
   1 0.7111493E+02
   1 0.7033756E+02
   1 0.7024416E+02
   1 0.7042928E+02
   1 0.7030927E+02
   1 0.3493257E+02
   1 0.7068549E+02
   1 0.6995266E+02
   1 0.6976186E+02
   1 0.6995750E+02
   1 0.7094890E+02
   1 0.7004551E+02
   1 0.6953662E+02
   1 0.7046043E+02
   1 0.7012165E+02
   1 0.6984595E+02
   1 0.7033406E+02
   1 0.7092514E+02
   1 0.7050854E+02
   1 0.6835672E+02
   1 0.6966369E+02
   1 0.7028953E+02
   1 0.7045989E+02
   1 0.7021630E+02
   1 0.7010342E+02
   1 0.7030104E+02
   1 0.7073934E+02
   1 0.7029815E+02
   1 0.7063101E+02
   1 0.7006084E+02
   1 0.7054791E+02
   1 0.7061963E+02
   1 0.7072978E+02
   1 0.6854971E+02
   1 0.7025841E+02
   1 0.7000399E+02
   1 0.5442705E+02
   1 0.7052542E+02
   1 0.7083129E+02
   1 0.6985127E+02
   1 0.7118577E+02
   1 0.7021866E+02
   1 0.7075220E+02
   1 0.6958097E+02
   1 0.7029979E+02
   1 0.7006794E+02
   1 0.7014164E+02
   1 0.7006786E+02
   1 0.7037003E+02
   1 0.7062150E+02
   1 0.7035987E+02
   1 0.6994009E+02
   1 0.7007069E+02
   1 0.7087115E+02
   1 0.6932198E+02
   1 0.6984468E+02
   1 0.7035406E+02
   1 0.7039941E+02
   1 0.6987353E+02
   1 0.7026802E+02
   1 0.7054925E+02
   1 0.7013557E+02
   1 0.6987384E+02
   1 0.5589876E+02
   1 0.7004928E+02
   1 0.6979120E+02
   1 0.7050000E+02
   1 0.7047313E+02
   1 0.7115863E+02
   1 0.7037130E+02
   1 0.7068184E+02
   1 0.7038426E+02
   1 0.7038295E+02
   1 0.7033427E+02
   1 0.6983927E+02
   1 0.7053101E+02
   1 0.7099990E+02
   1 0.7068779E+02
   2 0.7012607E+02
   3 0.6994059E+02
   3 0.7064848E+02
   1 0.7037433E+02
   2 0.7002791E+02
   3 0.7060976E+02
   1 0.7047768E+02
   1 0.7010169E+02
   2 0.6997439E+02
   2 0.6958382E+02
   3 0.7026752E+02
   1 0.7023080E+02
   2 0.7038716E+02
   3 0.7042328E+02
   2 0.7043285E+02
   3 0.7070038E+02
   1 0.7085057E+02
   2 0.7059729E+02
   3 0.7054339E+02
   1 0.6994085E+02
   3 0.7044279E+02
   3 0.7080325E+02
   1 0.7002329E+02
   3 0.7105193E+02
   2 0.7031724E+02
   2 0.7024665E+02
   2 0.7067658E+02
   2 0.7082631E+02
   1 0.7074389E+02
   2 0.7125672E+02
   1 0.7124900E+02
   3 0.7056739E+02
   2 0.7041016E+02
   1 0.7040974E+02
   3 0.7018268E+02
   3 0.7048521E+02
   1 0.6966475E+02
   1 0.6951006E+02
   2 0.7041132E+02
   2 0.7050494E+02
   3 0.7027692E+02
   2 0.7005956E+02
   2 0.7090950E+02
   3 0.7041439E+02
   2 0.7066225E+02
   3 0.7005616E+02
   2 0.6971023E+02
   1 0.7076759E+02
   2 0.7115747E+02
   2 0.7037948E+02
   2 0.5788710E+02
   3 0.7019680E+02
   3 0.7078831E+02
   1 0.7036072E+02
   3 0.7024965E+02
   1 0.7032826E+02
   2 0.7092299E+02
   3 0.6890415E+02
   1 0.7109818E+02
   1 0.7081144E+02
   2 0.7017180E+02
   3 0.7033834E+02
   2 0.6579460E+02
   1 0.6992577E+02
   3 0.7030408E+02
   3 0.2611469E+02
   2 0.7067676E+02
   1 0.7110491E+02
   2 0.7007023E+02
   1 0.7026799E+02
   1 0.7070856E+02
   1 0.7043487E+02
   3 0.7037429E+02
   1 0.7055457E+02
   3 0.7136381E+02
   2 0.7012638E+02
   3 0.6978043E+02
   1 0.6978728E+02
   2 0.6975776E+02
   3 0.7065702E+02
   2 0.6969072E+02
   3 0.7063640E+02
   3 0.7067175E+02
   1 0.7072568E+02
   3 0.6980047E+02
   3 0.1944649E+02
   3 0.7015335E+02
   3 0.1855950E+02
   3 0.3890301E+02
   2 0.7021504E+02
   3 0.4076987E+02
   1 0.7024237E+02
   3 0.7018941E+02
   3 0.7050189E+02
   2 0.7019927E+02
   1 0.7049637E+02
   1 0.7028122E+02
   3 0.7065004E+02
   3 0.7122099E+02
   1 0.7032284E+02
   3 0.7068276E+02
   1 0.7064496E+02
   2 0.7048950E+02
   2 0.7096328E+02
   3 0.7050569E+02
   1 0.7040416E+02
   1 0.6961107E+02
   2 0.7010813E+02
   1 0.7051887E+02
   1 0.7070992E+02
   3 0.7039902E+02
   3 0.6957400E+02
   2 0.7057458E+02
   2 0.7056457E+02
   1 0.7046276E+02
   1 0.7007410E+02
   1 0.7111332E+02
   3 0.7036990E+02
   1 0.6297118E+02
   3 0.6970040E+02
   3 0.7171460E+02
   2 0.7007073E+02
   2 0.7131794E+02
   1 0.7006656E+02
   1 0.7015078E+02
   1 0.2540990E+02
   3 0.7000071E+02
   1 0.7116235E+02
   2 0.7028017E+02
   1 0.6931201E+02
   2 0.7131583E+02
   2 0.7034027E+02
   2 0.7075393E+02
   2 0.7031586E+02
   3 0.7091502E+02
   2 0.7001725E+02
   3 0.7074307E+02
   1 0.6970233E+02
   3 0.5753118E+02
   2 0.7133073E+02
   2 0.7007463E+02
   3 0.6956761E+02
   1 0.7000605E+02
   2 0.6975113E+02
   3 0.7055061E+02
   1 0.6998941E+02
   2 0.7017120E+02
   3 0.7078270E+02
   2 0.7019608E+02
   2 0.7040683E+02
   1 0.7050282E+02
   1 0.6993554E+02
   1 0.6971448E+02
   3 0.7016056E+02
   3 0.6955113E+02
   2 0.6984277E+02
   3 0.7021974E+02
   3 0.7009278E+02
   1 0.7034777E+02
   3 0.6992375E+02
   3 0.6779965E+02
   1 0.7026454E+02
   1 0.7053293E+02
   2 0.7034142E+02
   2 0.7033156E+02
   2 0.6961602E+02
   3 0.7041605E+02
   2 0.7068082E+02
   3 0.6850095E+02
   1 0.7024855E+02
   2 0.7045381E+02
   3 0.7075859E+02
   1 0.7094723E+02
   2 0.7070492E+02
   2 0.6989834E+02
   3 0.7017509E+02
   1 0.7028875E+02
   2 0.7053995E+02
   3 0.7001863E+02
   1 0.7015586E+02
   1 0.6983832E+02
   2 0.6986770E+02
   1 0.7089150E+02
   1 0.7061627E+02
   3 0.6991342E+02
   2 0.7028601E+02
   2 0.6980414E+02
   1 0.7084368E+02
   2 0.7081186E+02
   1 0.7047446E+02
   3 0.7052287E+02
   2 0.7028166E+02
   3 0.7002195E+02
   1 0.7055802E+02
   2 0.7010803E+02
   1 0.7045471E+02
   2 0.7156025E+02
   3 0.7058173E+02
   1 0.7061940E+02
   2 0.6952731E+02
   3 0.7090107E+02
   1 0.7023588E+02
   2 0.7047542E+02
   3 0.6997992E+02
   1 0.6969306E+02
   3 0.6800629E+02
   2 0.7018608E+02
   1 0.7013016E+02
   3 0.7035159E+02
   3 0.7035132E+02
   2 0.7018920E+02
   2 0.6948342E+02
   1 0.7052434E+02
   3 0.7020932E+02
   2 0.6991780E+02
   3 0.6403993E+02
   2 0.6967792E+02
   2 0.7039095E+02
   1 0.7011980E+02
   1 0.7127499E+02
   1 0.6986499E+02
   3 0.7062937E+02
   3 0.7013001E+02
   2 0.6981975E+02
   2 0.7085791E+02
   1 0.7035488E+02
   3 0.7038327E+02
   2 0.7014726E+02
   2 0.7037109E+02
   2 0.7097395E+02
   1 0.7007025E+02
   2 0.6940388E+02
   3 0.7078519E+02
   2 0.4233008E+02
   2 0.6956784E+02
   3 0.6951854E+02
   2 0.7019236E+02
   1 0.7048504E+02
   2 0.7033044E+02
   1 0.7002549E+02
   1 0.7068554E+02
   3 0.7036638E+02
   2 0.6975262E+02
   1 0.7051401E+02
   3 0.7036831E+02
   3 0.7067684E+02
   3 0.7073256E+02
   2 0.7046477E+02
   2 0.7032954E+02
   1 0.7022297E+02
   2 0.7016517E+02
   1 0.7105429E+02
   1 0.6975691E+02
   1 0.7136137E+02
   3 0.7038610E+02
   3 0.6999092E+02
   2 0.7029747E+02
   2 0.7152204E+02
   2 0.7010925E+02
   1 0.6989059E+02
   2 0.3426818E+02
   1 0.7075464E+02
   3 0.7056250E+02
   1 0.7003633E+02
   2 0.6983343E+02
   3 0.7004381E+02
   1 0.7060960E+02
   3 0.7083228E+02
   1 0.7082309E+02
   3 0.6983297E+02
   2 0.7094492E+02
   2 0.7010482E+02
   2 0.7072067E+02
   2 0.6986950E+02
   1 0.7027182E+02
   3 0.6980913E+02
   2 0.7079203E+02
   1 0.7010748E+02
   3 0.7068860E+02
   2 0.6986506E+02
   2 0.7145742E+02
   3 0.6958946E+02
   2 0.5806116E+02
   1 0.7036287E+02
   1 0.7031433E+02
   1 0.7028257E+02
   3 0.7051755E+02
   2 0.7066126E+02
   1 0.7043563E+02
   3 0.7031181E+02
   1 0.7095191E+02
   2 0.7039944E+02
   2 0.6601787E+02
   3 0.7047134E+02
   1 0.7024367E+02
   1 0.7031429E+02
   1 0.6940197E+02
   1 0.6960112E+02
   2 0.7030172E+02
   1 0.7050372E+02
   2 0.6933395E+02
   3 0.7012687E+02
   3 0.7005448E+02
   1 0.7046518E+02
   2 0.7041818E+02
   2 0.6994266E+02
   3 0.6977154E+02
   2 0.7035233E+02
   2 0.7058339E+02
   1 0.7019033E+02
   3 0.7019822E+02
   2 0.7067760E+02
   1 0.7000059E+02
   1 0.4344074E+02
   3 0.7061240E+02
   1 0.6962001E+02
   1 0.6973971E+02
   2 0.7072210E+02
   1 0.7001252E+02
   3 0.6989674E+02
   3 0.7101245E+02
   2 0.7015141E+02
   3 0.7063251E+02
   1 0.7062656E+02
   3 0.7064512E+02
   3 0.7071753E+02
   2 0.7006930E+02
   2 0.7038693E+02
   1 0.7002302E+02
   2 0.4155754E+02
   3 0.6976002E+02
   2 0.6997512E+02
   2 0.6964919E+02
   2 0.7042055E+02
   1 0.7017431E+02
   3 0.7005560E+02
   2 0.7036187E+02
   2 0.6968827E+02
   1 0.7051547E+02
   2 0.7035917E+02
   3 0.7041487E+02
   3 0.6987910E+02
   3 0.6976184E+02
   1 0.7052893E+02
   1 0.7081478E+02
   2 0.7028840E+02
   2 0.7000833E+02
   2 0.7029321E+02
   3 0.6989365E+02
   2 0.7038742E+02
   3 0.7064018E+02
   1 0.6961868E+02
   3 0.6944787E+02
   3 0.7053444E+02
   3 0.7016060E+02
   2 0.7047340E+02
   1 0.6962417E+02
   1 0.7011827E+02
   3 0.7009447E+02
   3 0.7039027E+02
   2 0.7045952E+02
   3 0.6991668E+02
   2 0.7015709E+02
   1 0.7057217E+02
   2 0.7010487E+02
   1 0.7017807E+02
   1 0.7047577E+02
   2 0.6999776E+02
   1 0.6953010E+02
   3 0.7061862E+02
   2 0.7038866E+02
   2 0.7040102E+02
   1 0.7015841E+02
   3 0.7030842E+02
   2 0.6548694E+02
   1 0.7042591E+02
   2 0.7117007E+02
   1 0.7027207E+02
   2 0.7097653E+02
   2 0.7046424E+02
   2 0.7033120E+02
   3 0.7025103E+02
   2 0.7051497E+02
   3 0.6933130E+02
   1 0.7062354E+02
   2 0.6971056E+02
   1 0.7088522E+02
   2 0.6987559E+02
   3 0.7014479E+02
   1 0.7025124E+02
   3 0.7097129E+02
   2 0.1776240E+02
   3 0.7071968E+02
   1 0.7065155E+02
   2 0.7059247E+02
   1 0.5729053E+02
   3 0.7019440E+02
   3 0.6972286E+02
   3 0.7110769E+02
   3 0.7068782E+02
   2 0.7036580E+02
   1 0.7003106E+02
   2 0.7005552E+02
   2 0.6981288E+02
   3 0.7011131E+02
   2 0.7103923E+02
   3 0.6932318E+02
   2 0.7033690E+02
   1 0.7052955E+02
   3 0.7079037E+02
   2 0.7019615E+02
   1 0.7010099E+02
   3 0.7073891E+02
   2 0.7022320E+02
   1 0.7008161E+02
   3 0.7016003E+02
   1 0.7088926E+02
   3 0.7009587E+02
   3 0.6568399E+02
   2 0.7079205E+02
   2 0.7047306E+02
   1 0.7068130E+02
   3 0.7034133E+02
   3 0.2382619E+02
   3 0.6990002E+02
   3 0.7031589E+02
   2 0.7036350E+02
   3 0.6970862E+02
   1 0.7028391E+02
   2 0.7050606E+02
   2 0.7012310E+02
   1 0.6977166E+02
   1 0.7137275E+02
   3 0.7067780E+02
   2 0.7053360E+02
   2 0.7047888E+02
   1 0.6984490E+02
   1 0.7069809E+02
   1 0.5029231E+02
   3 0.7027048E+02
   1 0.7024294E+02
   3 0.7046851E+02
   1 0.7150949E+02
   1 0.7070346E+02
   2 0.7020568E+02
   3 0.7023324E+02
   1 0.7031026E+02
   2 0.7043103E+02
   3 0.6989042E+02
   3 0.7053110E+02
   1 0.7073361E+02
   1 0.7089876E+02
   2 0.7000736E+02
   2 0.7049648E+02
   2 0.6982480E+02
   3 0.7123214E+02
   2 0.7056925E+02
   2 0.7131949E+02
   1 0.6998171E+02
   3 0.7060969E+02
   2 0.7042992E+02
   2 0.4383762E+02
   1 0.7068104E+02
   1 0.6997468E+02
   2 0.7060235E+02
   2 0.7123469E+02
   1 0.7037560E+02
   3 0.7060249E+02
   2 0.7044540E+02
   3 0.1181947E+00
   2 0.7000161E+02
   2 0.7032391E+02
   2 0.7012766E+02
   1 0.7036515E+02
   2 0.7069709E+02
   1 0.6941136E+02
   3 0.7050286E+02
   2 0.7015763E+02
   3 0.7095854E+02
   3 0.7061617E+02
   3 0.7094083E+02
   1 0.7050430E+02
   2 0.7048062E+02
   2 0.6933366E+02
   3 0.7046580E+02
   3 0.7017257E+02
   1 0.7029959E+02
   3 0.7038141E+02
   2 0.7009621E+02
   2 0.6991517E+02
   1 0.7070711E+02
   3 0.7020049E+02
   1 0.6957735E+02
   2 0.6967608E+02
   1 0.7010602E+02
   2 0.7119416E+02
   1 0.6957088E+02
   3 0.7092353E+02
   1 0.6958745E+02
   2 0.7007088E+02
   3 0.7031927E+02
   1 0.7026392E+02
   3 0.7017838E+02
   2 0.7045744E+02
   2 0.6941210E+02
   2 0.6994986E+02
   1 0.7048633E+02
   2 0.7084360E+02
   1 0.7012198E+02
   3 0.7017312E+02
   5 0.3468728E+02
   5 0.6949274E+02
   4 0.7092392E+02
   1 0.7061726E+02
   7 0.7026351E+02
   3 0.6957737E+02
   5 0.7083320E+02
   3 0.7046961E+02
   7 0.7068309E+02
   1 0.7057999E+02
   2 0.7138163E+02
   6 0.7030493E+02
   3 0.7092536E+02
   4 0.7028028E+02
   4 0.2882052E+02
   5 0.7009333E+02
   3 0.7049223E+02
   4 0.7079377E+02
   7 0.7067382E+02
   5 0.7009164E+02
   4 0.7052005E+02
   1 0.6976625E+02
   2 0.6996391E+02
   6 0.7079784E+02
   6 0.7029104E+02
   3 0.7011035E+02
   4 0.6940634E+02
   2 0.7029679E+02
   7 0.7034292E+02
   6 0.3547629E+02
   5 0.7082976E+02
   4 0.7037331E+02
   2 0.7083484E+02
   7 0.7026424E+02
   1 0.7023082E+02
   6 0.6948850E+02
   2 0.7075011E+02
   3 0.7012784E+02
   5 0.7028096E+02
   4 0.7046149E+02
   3 0.7048383E+02
   1 0.7019683E+02
   7 0.6968973E+02
   6 0.7026633E+02
   2 0.7023501E+02
   3 0.7033853E+02
   2 0.5424648E+02
   5 0.7092942E+02
   6 0.7008214E+02
   4 0.7061819E+02
   5 0.7051367E+02
   1 0.7067323E+02
   7 0.7037076E+02
   7 0.7212849E+02
   5 0.7034695E+02
   3 0.6997282E+02
   5 0.7037545E+02
   2 0.7043645E+02
   5 0.3290699E+02
   3 0.7091490E+02
   6 0.7063513E+02
   4 0.7036079E+02
   1 0.7092360E+02
   4 0.6600934E+02
   5 0.6962925E+02
   7 0.7067900E+02
   6 0.7128206E+02
   2 0.7009313E+02
   3 0.7068839E+02
   4 0.6989072E+02
   6 0.7085444E+02
   1 0.6986128E+02
   4 0.6993521E+02
   6 0.6960977E+02
   5 0.7101907E+02
   7 0.7054202E+02
   2 0.7080233E+02
   3 0.7076060E+02
   5 0.7050463E+02
   7 0.6970665E+02
   6 0.7069951E+02
   2 0.7019212E+02
   1 0.7048527E+02
   4 0.7042757E+02
   7 0.6989911E+02
   3 0.7014812E+02
   6 0.7026558E+02
   5 0.7006386E+02
   4 0.7030181E+02
   2 0.7020022E+02
   1 0.7007533E+02
   5 0.7028766E+02
   7 0.7048311E+02
   3 0.7119237E+02
   6 0.7077065E+02
   7 0.7096008E+02
   3 0.7022586E+02
   1 0.6937221E+02
   6 0.5823137E+02
   2 0.7065438E+02
   5 0.7035631E+02
   6 0.7065392E+02
   4 0.7018242E+02
   7 0.7044919E+02
   4 0.7062508E+02
   3 0.7029996E+02
   4 0.7206856E+02
   6 0.6970011E+02
   1 0.7032718E+02
   2 0.6978590E+02
   7 0.7058308E+02
   4 0.7001960E+02
   2 0.7132677E+02
   5 0.7013826E+02
   7 0.7044663E+02
   4 0.7056641E+02
   3 0.7054026E+02
   5 0.7061254E+02
   6 0.7023347E+02
   1 0.7035752E+02
   7 0.7004749E+02
   4 0.7076362E+02
   2 0.7051258E+02
   1 0.7065888E+02
   4 0.7004453E+02
   1 0.7097032E+02
   3 0.7035572E+02
   5 0.7033311E+02
   1 0.7054775E+02
   6 0.7014805E+02
   7 0.6974567E+02
   2 0.6996922E+02
   5 0.6899021E+02
   4 0.7061148E+02
   5 0.7031021E+02
   3 0.7059229E+02
   1 0.6996257E+02
   6 0.7068209E+02
   7 0.7036303E+02
   1 0.7166087E+02
   7 0.6165440E+02
   6 0.7053632E+02
   2 0.6985208E+02
   7 0.6717123E+02
   4 0.7007061E+02
   4 0.5208843E+02
   2 0.7055903E+02
   3 0.7047970E+02
   5 0.7015424E+02
   1 0.7052104E+02
   7 0.7012264E+02
   6 0.7063585E+02
   1 0.7040300E+02
   4 0.7030471E+02
   1 0.6984522E+02
   7 0.6979339E+02
   6 0.7015221E+02
   2 0.7072540E+02
   3 0.7065494E+02
   5 0.7030274E+02
   4 0.7005469E+02
   5 0.7064722E+02
   1 0.7117412E+02
   3 0.7078358E+02
   7 0.7027758E+02
   5 0.7029476E+02
   3 0.7118405E+02
   1 0.7072471E+02
   6 0.7017281E+02
   7 0.7093378E+02
   3 0.7088131E+02
   2 0.7046087E+02
   4 0.7055417E+02
   4 0.7086753E+02
   1 0.7008095E+02
   5 0.7068571E+02
   3 0.6965075E+02
   5 0.6416866E+02
   6 0.7041693E+02
   4 0.7024160E+02
   7 0.7062466E+02
   3 0.6987697E+02
   1 0.6956005E+02
   2 0.7065160E+02
   5 0.6995979E+02
   2 0.7042152E+02
   3 0.7076501E+02
   7 0.6933746E+02
   6 0.7021294E+02
   4 0.7072918E+02
   7 0.7081217E+02
   1 0.7080263E+02
   5 0.7043822E+02
   4 0.7002546E+02
   5 0.3548442E+02
   2 0.7043104E+02
   1 0.7057684E+02
   7 0.6969300E+02
   3 0.7026365E+02
   5 0.7119672E+02
   6 0.7040073E+02
   1 0.7052072E+02
   2 0.7021974E+02
   1 0.7069280E+02
   7 0.7005750E+02
   4 0.7051117E+02
   5 0.7066917E+02
   6 0.7045752E+02
   4 0.6063159E+02
   3 0.7014934E+02
   3 0.7104693E+02
   2 0.7045020E+02
   1 0.6998465E+02
   7 0.7024020E+02
   4 0.7047020E+02
   4 0.6041340E+02
   5 0.7009168E+02
   6 0.7049441E+02
   2 0.7039616E+02
   3 0.7005474E+02
   1 0.7040543E+02
   3 0.7015038E+02
   7 0.7054895E+02
   4 0.7019382E+02
   7 0.7121013E+02
   3 0.6966602E+02
   1 0.7046436E+02
   6 0.7071555E+02
   5 0.7053176E+02
   7 0.6988262E+02
   4 0.7017328E+02
   2 0.7043132E+02
   1 0.6950422E+02
   6 0.6842650E+02
   3 0.6991913E+02
   3 0.7114699E+02
   4 0.7029862E+02
   5 0.7006417E+02
   3 0.7061786E+02
   7 0.7061394E+02
   2 0.6990497E+02
   7 0.3562766E+02
   4 0.7008886E+02
   1 0.6963180E+02
   6 0.7063249E+02
   7 0.6969476E+02
   2 0.7051021E+02
   4 0.6996629E+02
   5 0.6989770E+02
   1 0.6990254E+02
   7 0.7024634E+02
   3 0.7006102E+02
   7 0.2209652E+02
   2 0.6958487E+02
   4 0.6984048E+02
   6 0.6976856E+02
   5 0.7015279E+02
   6 0.7103897E+02
   7 0.7039260E+02
   4 0.6996742E+02
   1 0.6996896E+02
   3 0.7016440E+02
   2 0.7068388E+02
   6 0.6947812E+02
   4 0.7067350E+02
   7 0.7027058E+02
   1 0.7021427E+02
   5 0.7040924E+02
   3 0.7036372E+02
   4 0.7062154E+02
   6 0.6978763E+02
   5 0.6984849E+02
   6 0.7083461E+02
   2 0.7005210E+02
   7 0.7018954E+02
   2 0.7025793E+02
   1 0.7001732E+02
   3 0.7043697E+02
   4 0.7035879E+02
   2 0.7076040E+02
   5 0.7040410E+02
   6 0.7005390E+02
   4 0.7124785E+02
   7 0.7042523E+02
   5 0.7022164E+02
   6 0.7062808E+02
   2 0.7001903E+02
   1 0.6982971E+02
   3 0.6980519E+02
   5 0.7062310E+02
   6 0.7037600E+02
   4 0.7015942E+02
   1 0.7013680E+02
   7 0.7040391E+02
   5 0.7090269E+02
   1 0.7183061E+02
   2 0.7029060E+02
   5 0.6433363E+02
   3 0.7021416E+02
   7 0.7021738E+02
   6 0.7012162E+02
   4 0.7032011E+02
   1 0.6984273E+02
   7 0.6997940E+02
   2 0.7052976E+02
   5 0.7019453E+02
   6 0.6967337E+02
   3 0.7030389E+02
   4 0.7025321E+02
   1 0.7022054E+02
   7 0.7050690E+02
   2 0.7036348E+02
   6 0.7011383E+02
   7 0.7087603E+02
   1 0.7060073E+02
   5 0.7035603E+02
   7 0.7139017E+02
   3 0.7084726E+02
   6 0.7098524E+02
   2 0.7050416E+02
   4 0.7113790E+02
   7 0.7110701E+02
   3 0.6982132E+02
   1 0.7101446E+02
   7 0.7055404E+02
   2 0.7049540E+02
   3 0.1533561E+02
   7 0.7127488E+02
   5 0.7055648E+02
   2 0.7076388E+02
   1 0.6966532E+02
   6 0.7049065E+02
   3 0.7055416E+02
   5 0.7099530E+02
   4 0.7140876E+02
   6 0.7032875E+02
   2 0.6964361E+02
   7 0.7043747E+02
   4 0.6982657E+02
   5 0.7035233E+02
   2 0.7049619E+02
   1 0.7027713E+02
   3 0.7052717E+02
   6 0.6982549E+02
   4 0.7013148E+02
   2 0.7106901E+02
   1 0.7010518E+02
   7 0.7056156E+02
   3 0.6984315E+02
   2 0.7017434E+02
   5 0.7027934E+02
   6 0.7030750E+02
   2 0.7005600E+02
   4 0.7077807E+02
   5 0.7009169E+02
   1 0.7043071E+02
   4 0.7064447E+02
   7 0.7066826E+02
   3 0.7012584E+02
   2 0.7078288E+02
   5 0.7071285E+02
   1 0.7089164E+02
   7 0.7095844E+02
   1 0.7078249E+02
   6 0.7039092E+02
   3 0.7027189E+02
   2 0.7019926E+02
   4 0.6991541E+02
   4 0.5092615E+02
   5 0.7085745E+02
   1 0.7014781E+02
   3 0.7013635E+02
   7 0.7084394E+02
   6 0.7066003E+02
   5 0.7005445E+02
   7 0.3085376E+02
   2 0.7052504E+02
   7 0.7060741E+02
   6 0.6951500E+02
   4 0.7073550E+02
   2 0.7068231E+02
   5 0.7050659E+02
   4 0.7040226E+02
   5 0.7052733E+02
   6 0.6962856E+02
   1 0.7066419E+02
   3 0.7084612E+02
   5 0.7072301E+02
   7 0.7025160E+02
   5 0.7030758E+02
   1 0.7009431E+02
   2 0.7049607E+02
   1 0.6008568E+02
   4 0.6973363E+02
   2 0.6999765E+02
   6 0.7064496E+02
   3 0.7025059E+02
   4 0.7021783E+02
   6 0.4875936E+02
   7 0.7026094E+02
   5 0.7016982E+02
   1 0.7047143E+02
   2 0.7070312E+02
   3 0.7025511E+02
   4 0.7043409E+02
   1 0.7035507E+02
   6 0.6995098E+02
   6 0.4001360E+02
   7 0.7030243E+02
   5 0.7086867E+02
   4 0.6980885E+02
   7 0.7063609E+02
   2 0.6989580E+02
   3 0.7064612E+02
   4 0.6965387E+02
   1 0.7052902E+02
   6 0.7084122E+02
   3 0.7015791E+02
   5 0.7031585E+02
   4 0.6962548E+02
   6 0.7122925E+02
   6 0.7081478E+02
   7 0.7019618E+02
   5 0.7075026E+02
   2 0.7065917E+02
   4 0.7067960E+02
   6 0.7114356E+02
   1 0.7072265E+02
   4 0.7108354E+02
   5 0.7062400E+02
   3 0.7051383E+02
   2 0.3507588E+02
   6 0.7049771E+02
   5 0.6874753E+02
   1 0.7008466E+02
   7 0.7026679E+02
   2 0.7058369E+02
   6 0.7044043E+02
   3 0.7080013E+02
   5 0.7104607E+02
   2 0.6041006E+02
   1 0.7046784E+02
   7 0.7113647E+02
   4 0.7031689E+02
   7 0.7121974E+02
   6 0.6980798E+02
   4 0.7099191E+02
   7 0.7015487E+02
   3 0.7110457E+02
   4 0.6948404E+02
   5 0.7031078E+02
   3 0.7125650E+02
   2 0.6954266E+02
   1 0.7025876E+02
   6 0.7012174E+02
   7 0.6990482E+02
   3 0.6916504E+02
   4 0.7043327E+02
   1 0.7032370E+02
   7 0.7060335E+02
   6 0.7048107E+02
   5 0.7102711E+02
   3 0.7008024E+02
   2 0.7054392E+02
   7 0.7060120E+02
   5 0.7030183E+02
   1 0.7086099E+02
   4 0.7042568E+02
   6 0.7050375E+02
   4 0.7069742E+02
   5 0.6979845E+02
   3 0.7095143E+02
   5 0.7053396E+02
   2 0.7001421E+02
   7 0.7021429E+02
   1 0.7083168E+02
   6 0.7078620E+02
   3 0.6976139E+02
   2 0.6955349E+02
   5 0.7044075E+02
   4 0.7009812E+02
   5 0.7143056E+02
   2 0.7136777E+02
   6 0.7009129E+02
   7 0.7022212E+02
   1 0.7037347E+02
   6 0.7056048E+02
   3 0.7025206E+02
   2 0.6967073E+02
   6 0.7136694E+02
   4 0.7090244E+02
   2 0.7076270E+02
   3 0.6781854E+02
   5 0.7023035E+02
   6 0.7071444E+02
   4 0.7056591E+02
   3 0.7056133E+02
   7 0.7077704E+02
   1 0.6995425E+02
   4 0.7024349E+02
   7 0.6980068E+02
   3 0.6973418E+02
   6 0.7011777E+02
   2 0.7056414E+02
   6 0.7039291E+02
   5 0.7069737E+02
   3 0.7071144E+02
   4 0.6973357E+02
   7 0.7051303E+02
   2 0.6823623E+02
   6 0.6931539E+02
   1 0.7062462E+02
   2 0.6975983E+02
  14 0.7006988E+02
   5 0.7102490E+02
   3 0.6954188E+02
  14 0.7068692E+02
   9 0.7032304E+02
   1 0.7036672E+02
  12 0.6944551E+02
  11 0.6963899E+02
   4 0.7031961E+02
   9 0.6993897E+02
   1 0.6432729E+01
   8 0.7020344E+02
   4 0.7081366E+02
   8 0.5843886E+02
  14 0.7068477E+02
   7 0.7058995E+02
   8 0.4739308E+02
  11 0.6990230E+02
   1 0.7044326E+02
  15 0.7061766E+02
   4 0.7053578E+02
   9 0.7032596E+02
   2 0.7034155E+02
   6 0.7016647E+02
   8 0.7015196E+02
   7 0.7146618E+02
   1 0.6650779E+02
   3 0.7070653E+02
  15 0.4867780E+02
  11 0.6954627E+02
   9 0.6976373E+02
  14 0.7060430E+02
  10 0.7002786E+02
  13 0.7053713E+02
  15 0.7041554E+02
   6 0.7059432E+02
  11 0.7015967E+02
   9 0.7026868E+02
   3 0.7074956E+02
  10 0.7017488E+02
   4 0.6982836E+02
   8 0.6959695E+02
   2 0.6968600E+02
   5 0.7050289E+02
   5 0.3822992E+02
  11 0.7082375E+02
   8 0.7022468E+02
  14 0.7018030E+02
   9 0.7074459E+02
   1 0.7039192E+02
   4 0.6995545E+02
   8 0.6995065E+02
   2 0.6968728E+02
  12 0.7027353E+02
  15 0.7064441E+02
  12 0.3551274E+02
  11 0.7012881E+02
  14 0.7029247E+02
   3 0.7031750E+02
   2 0.7076987E+02
   4 0.6974488E+02
   9 0.7047718E+02
   1 0.7027817E+02
   8 0.7077398E+02
   4 0.7075662E+02
  11 0.6959840E+02
   7 0.7023179E+02
   1 0.7088090E+02
  15 0.7075554E+02
   1 0.4619077E+02
   2 0.7040709E+02
  13 0.7017744E+02
   8 0.6998306E+02
   4 0.7039679E+02
   7 0.7056046E+02
   1 0.7071498E+02
   7 0.5366323E+02
   8 0.7063896E+02
   6 0.7004478E+02
   9 0.7004764E+02
   3 0.7021169E+02
  10 0.7048585E+02
   4 0.7018569E+02
  11 0.7016202E+02
   5 0.7051858E+02
   2 0.7041946E+02
  15 0.7021012E+02
   1 0.7069704E+02
   2 0.7101076E+02
   5 0.4515261E+02
   8 0.7032640E+02
   8 0.2349902E+02
   9 0.7054534E+02
  15 0.7121465E+02
  14 0.7028466E+02
   1 0.7057636E+02
   4 0.7025246E+02
   3 0.7059616E+02
   9 0.7022143E+02
  15 0.5456097E+02
  12 0.7002508E+02
   9 0.5967200E+02
   2 0.7011655E+02
  11 0.7025371E+02
  11 0.3075206E+02
  14 0.7058346E+02
   5 0.7055010E+02
   4 0.7025057E+02
   8 0.7010008E+02
   3 0.7027449E+02
   1 0.7042749E+02
  12 0.7062072E+02
  13 0.7058129E+02
  11 0.7068417E+02
   2 0.7047728E+02
   3 0.7042058E+02
   9 0.6996483E+02
   7 0.7021337E+02
   3 0.7061223E+02
   6 0.7075879E+02
   4 0.7033608E+02
  10 0.7041725E+02
  15 0.7021130E+02
   8 0.7035732E+02
   1 0.7048959E+02
   9 0.7048712E+02
   7 0.7094137E+02
  15 0.6318724E+02
   8 0.7015966E+02
   9 0.6977207E+02
  11 0.7026384E+02
  10 0.6976874E+02
   7 0.7027439E+02
   9 0.7075055E+02
   4 0.7013842E+02
   9 0.7114697E+02
   1 0.7055802E+02
   3 0.6991926E+02
  15 0.7005378E+02
  11 0.7051692E+02
   1 0.7089964E+02
  14 0.7025992E+02
   8 0.7079566E+02
  10 0.6946685E+02
   5 0.7004022E+02
   1 0.7096377E+02
  15 0.6991904E+02
  14 0.6783129E+02
  11 0.7005273E+02
   4 0.7071705E+02
   8 0.6962658E+02
  12 0.7050497E+02
   9 0.7012190E+02
   8 0.7101634E+02
  13 0.6996911E+02
  11 0.7017842E+02
   2 0.6973588E+02
  10 0.6964629E+02
   9 0.7037292E+02
   3 0.7039834E+02
  14 0.6980899E+02
  10 0.7085400E+02
   6 0.7035722E+02
   8 0.6987490E+02
   1 0.7101030E+02
   4 0.7023482E+02
   2 0.7062210E+02
  14 0.7017786E+02
  15 0.7032950E+02
  10 0.7059055E+02
   3 0.7003844E+02
  14 0.7080697E+02
  15 0.7083840E+02
   9 0.7092970E+02
   7 0.7030046E+02
  14 0.7044212E+02
   1 0.7050348E+02
   8 0.7107758E+02
  11 0.7017741E+02
   4 0.7026506E+02
  11 0.5373714E+02
   8 0.7054706E+02
   7 0.6923266E+02
  15 0.7026697E+02
   5 0.7038871E+02
  14 0.7015373E+02
  12 0.6975630E+02
   9 0.7050142E+02
   3 0.7090354E+02
   1 0.7050073E+02
  15 0.7000829E+02
   4 0.7071213E+02
   9 0.7127210E+02
   1 0.7099492E+02
  13 0.7015286E+02
  14 0.6991607E+02
   4 0.5970826E+02
   8 0.7061947E+02
   5 0.7066126E+02
  12 0.7008569E+02
  11 0.7049743E+02
  15 0.7004317E+02
   3 0.6990979E+02
   4 0.7006689E+02
  12 0.6975206E+02
   2 0.7000690E+02
   6 0.7020849E+02
   1 0.7006137E+02
  10 0.7022697E+02
   5 0.7040165E+02
   6 0.7117130E+02
   3 0.6992171E+02
   8 0.7068815E+02
  13 0.6956295E+02
   4 0.6982506E+02
  15 0.7043493E+02
   9 0.7044153E+02
  10 0.7075384E+02
   6 0.7043124E+02
  11 0.7046871E+02
  15 0.7079241E+02
  13 0.7019609E+02
   5 0.5111599E+02
   1 0.7016756E+02
   3 0.6995696E+02
   8 0.7004982E+02
   1 0.7108404E+02
   7 0.7069895E+02
   4 0.6987125E+02
  15 0.7010410E+02
   9 0.7012545E+02
   3 0.7035157E+02
   6 0.6971909E+02
   1 0.7054692E+02
   5 0.7086160E+02
  15 0.7041955E+02
   8 0.6987059E+02
  11 0.7084076E+02
   8 0.7058986E+02
   1 0.7106270E+02
   5 0.6988735E+02
   7 0.7067850E+02
   6 0.7036635E+02
   4 0.7033407E+02
  14 0.6993995E+02
   8 0.7048948E+02
   1 0.7021490E+02
  12 0.7060955E+02
   2 0.7001503E+02
   7 0.7031124E+02
   9 0.7046615E+02
   5 0.7024926E+02
   8 0.6971669E+02
   6 0.6940382E+02
  11 0.7080923E+02
   7 0.7069553E+02
   2 0.7052186E+02
   4 0.7100655E+02
   3 0.7078871E+02
   4 0.2433193E+02
  15 0.7020532E+02
   1 0.6982955E+02
   6 0.7042320E+02
  10 0.7030103E+02
   8 0.6974652E+02
  13 0.7028882E+02
   1 0.7083135E+02
   8 0.7038110E+01
  11 0.7017135E+02
  10 0.7054640E+02
   6 0.7069256E+02
   9 0.7065205E+02
  11 0.7083359E+02
  15 0.6990472E+02
   1 0.7033080E+02
  10 0.7085536E+02
  13 0.7072196E+02
   4 0.7026763E+02
   8 0.7035873E+02
  15 0.6983648E+02
   3 0.7051629E+02
   8 0.7081816E+02
  14 0.7021361E+02
  11 0.7001724E+02
   1 0.7049068E+02
  12 0.6967167E+02
  11 0.7069904E+02
   9 0.6984884E+02
   5 0.7008436E+02
  11 0.6143383E+02
  15 0.7025038E+02
  14 0.7024582E+02
   1 0.7060498E+02
   7 0.7054298E+02
  11 0.7080257E+02
   5 0.7070637E+02
   8 0.7015319E+02
  15 0.7000404E+02
   1 0.7112675E+02
  12 0.6927628E+02
   2 0.7081889E+02
   7 0.7090863E+02
  11 0.7066871E+02
   4 0.7042717E+02
   3 0.7026770E+02
   7 0.6996824E+02
   8 0.7037303E+02
  11 0.7113022E+02
   1 0.7048409E+02
   3 0.7081197E+02
  15 0.6995830E+02
   9 0.7046731E+02
   6 0.7015043E+02
  12 0.7027417E+02
   2 0.7086846E+02
   8 0.7008406E+02
   1 0.6963649E+02
  11 0.7047820E+02
   1 0.6512380E+02
   4 0.7009970E+02
  15 0.7008255E+02
  11 0.5818259E+02
  10 0.7027674E+02
  13 0.7060625E+02
   8 0.7103098E+02
   1 0.7060117E+02
   4 0.7060467E+02
  10 0.7054328E+02
   7 0.7048148E+02
   4 0.5804102E+02
   3 0.7060701E+02
   4 0.7013558E+02
  15 0.7054260E+02
  11 0.7060964E+02
   9 0.7054719E+02
   5 0.7039745E+02
   8 0.7064194E+02
  11 0.7095242E+02
  14 0.7034733E+02
   7 0.7066852E+02
  15 0.7020208E+02
   8 0.7026341E+02
   1 0.6991931E+02
   5 0.6979981E+02
   7 0.7009829E+02
   1 0.6984387E+02
   4 0.7004431E+02
   6 0.7034242E+02
  12 0.7006752E+02
   2 0.7024793E+02
  11 0.6995412E+02
   1 0.7081308E+02
   8 0.6987225E+02
   9 0.7073003E+02
  13 0.6990328E+02
   5 0.7026237E+02
   8 0.7121114E+02
   7 0.6991502E+02
  11 0.7017706E+02
   1 0.7012883E+02
   4 0.7015087E+02
   9 0.7039737E+02
   2 0.7012678E+02
   5 0.7042677E+02
   3 0.6981590E+02
  10 0.7035237E+02
   8 0.7049520E+02
   6 0.7003256E+02
   1 0.6984446E+02
   5 0.7139654E+02
   8 0.7022498E+02
   1 0.2758844E+02
  13 0.6996286E+02
  11 0.7018799E+02
   7 0.7053058E+02
   5 0.6982530E+02
  15 0.7045049E+02
  11 0.7017019E+02
   7 0.7031922E+02
   5 0.7133745E+02
  14 0.7000919E+02
   1 0.6975200E+02
  14 0.2450290E+02
   7 0.4977445E+02
   8 0.7004139E+02
   4 0.7064743E+02
   5 0.6978130E+02
   9 0.7030222E+02
  10 0.7016098E+02
   1 0.7084525E+02
  11 0.6921675E+02
   7 0.6989485E+02
   4 0.7079602E+02
   8 0.7074779E+02
  15 0.6961883E+02
   5 0.7033682E+02
  11 0.7090780E+02
  12 0.6999020E+02
   9 0.7044875E+02
   8 0.7126132E+02
   7 0.7068285E+02
   5 0.6980744E+02
   9 0.7068527E+02
  12 0.7089296E+02
   8 0.7025354E+02
   7 0.7058463E+02
   2 0.7102058E+02
   1 0.7035025E+02
   3 0.7068477E+02
   6 0.7000306E+02
  11 0.7052100E+02
   6 0.2014104E+02
  15 0.7024872E+02
   8 0.6989465E+02
   4 0.6988370E+02
   5 0.7016986E+02
  11 0.7035292E+02
  13 0.7010261E+02
   7 0.7020284E+02
  11 0.8834025E+01
   2 0.7039556E+02
  12 0.7054790E+02
  15 0.7078771E+02
   9 0.7034840E+02
   8 0.7147511E+02
   9 0.7018220E+02
   7 0.7049953E+02
  13 0.7019191E+02
  14 0.7088992E+02
   1 0.7044376E+02
   8 0.7067137E+02
   5 0.7004056E+02
  10 0.7030147E+02
   2 0.7028562E+02
  15 0.7006453E+02
  13 0.6979923E+02
  10 0.6995293E+02
   7 0.7023961E+02
   4 0.7051800E+02
   2 0.7056081E+02
  15 0.6976951E+02
   8 0.7021951E+02
   5 0.7042158E+02
   9 0.7047586E+02
  13 0.6959686E+02
  11 0.6999649E+02
   1 0.7037600E+02
   2 0.7095757E+02
   1 0.5601144E+02
   8 0.7011374E+02
   3 0.6942377E+02
   7 0.7040241E+02
   6 0.7086348E+02
  15 0.6991867E+02
   7 0.6972470E+02
  13 0.7016884E+02
   4 0.7015842E+02
   5 0.7023923E+02
   9 0.6987982E+02
  12 0.7046440E+02
   8 0.7007747E+02
  15 0.6990439E+02
   9 0.7118795E+02
  13 0.6997321E+02
   6 0.7016757E+02
   1 0.7057728E+02
   8 0.7067282E+02
  14 0.7108155E+02
  12 0.7038887E+02
   7 0.7020605E+02
   6 0.3724469E+02
   5 0.7010402E+02
  13 0.6992545E+02
   7 0.7019847E+02
  15 0.7117700E+02
   5 0.7023340E+02
  10 0.7055927E+02
   4 0.7101576E+02
   5 0.7083925E+02
   6 0.6999615E+02
   8 0.7091687E+02
   8 0.7105054E+02
   9 0.7080980E+02
  13 0.7060325E+02
   9 0.7153754E+02
   8 0.7056283E+02
  11 0.7034935E+02
  10 0.7075899E+02
   2 0.7082665E+02
   1 0.6979129E+02
   3 0.7005923E+02
   6 0.7021855E+02
   7 0.7073553E+02
   7 0.4597817E+02
   6 0.5247513E+02
  15 0.7070543E+02
   9 0.7095227E+02
   5 0.7037332E+02
   7 0.7087430E+02
   4 0.7010101E+02
  13 0.7036545E+02
  10 0.7082074E+02
   8 0.7029491E+02
   6 0.7088204E+02
  14 0.6952165E+02
   1 0.7068368E+02
  15 0.7016726E+02
  12 0.7030914E+02
   2 0.7075202E+02
  11 0.6999384E+02
   3 0.7026642E+02
  23 0.9218509E+01
  23 0.4135263E+02
  22 0.4152949E+02
  27 0.7107327E+02
  30 0.6913950E+02
  12 0.7118974E+02
  14 0.7040311E+02
  25 0.6998395E+02
  17 0.7064957E+02
   3 0.7052650E+02
  24 0.7070331E+02
   1 0.7031330E+02
   2 0.7024308E+02
  11 0.7001057E+02
   8 0.6966596E+02
  22 0.7079842E+02
  20 0.7048383E+02
  28 0.6990753E+02
   9 0.7106801E+02
  10 0.7068188E+02
   1 0.7099340E+02
   6 0.7024085E+02
  19 0.7081673E+02
   4 0.7019934E+02
  12 0.7045273E+02
  20 0.7105730E+02
   3 0.7033040E+02
   8 0.7068971E+02
   9 0.7089781E+02
  17 0.6961526E+02
   2 0.6969569E+02
  28 0.6937687E+02
  24 0.6984172E+02
  19 0.6970699E+02
   8 0.7096551E+02
   1 0.7090772E+02
   8 0.6869461E+02
  11 0.7004456E+02
  19 0.7058923E+02
  20 0.6990662E+02
   9 0.7015841E+02
  18 0.7026364E+02
  23 0.7037882E+02
  28 0.6955351E+02
  20 0.7139196E+02
   9 0.3671959E+02
  16 0.7052572E+02
   8 0.6951974E+02
  24 0.6997981E+02
   7 0.7041578E+02
  26 0.6990557E+02
   1 0.7005036E+02
  25 0.7046052E+02
   5 0.7075105E+02
  29 0.7001735E+02
  13 0.7009996E+02
  17 0.7027595E+02
  26 0.7083984E+02
  31 0.7033538E+02
   9 0.7104487E+02
  29 0.7031681E+02
   3 0.7034150E+02
  14 0.7013048E+02
  21 0.7046462E+02
  27 0.7059643E+02
  10 0.7056657E+02
  30 0.7094742E+02
  15 0.6987671E+02
  25 0.7027397E+02
  13 0.6935974E+02
   1 0.7060923E+02
  24 0.7040544E+02
  29 0.7133668E+02
  24 0.1066794E+02
  10 0.7023589E+02
  30 0.7109917E+02
  22 0.7092700E+02
  10 0.7137376E+02
  30 0.7096816E+02
   6 0.7080820E+02
  27 0.6953687E+02
  21 0.6987882E+02
  12 0.7005002E+02
  24 0.7037049E+02
  27 0.7102577E+02
  30 0.7043866E+02
  11 0.7007872E+02
   4 0.7048500E+02
   2 0.7059685E+02
  19 0.7078110E+02
   2 0.7043874E+02
  12 0.7049417E+02
  28 0.6974861E+02
  22 0.6993055E+02
   7 0.7033194E+02
  11 0.7097487E+02
  27 0.7096701E+02
  18 0.6994744E+02
  22 0.7057208E+02
  16 0.7043834E+02
  26 0.7052298E+02
   8 0.7054035E+02
  28 0.7055551E+02
  20 0.7017973E+02
   3 0.7014866E+02
   7 0.7040362E+02
  25 0.7026865E+02
   1 0.7013931E+02
  31 0.7042691E+02
  29 0.7013918E+02
   9 0.7058559E+02
  23 0.7034834E+02
  12 0.7003679E+02
   1 0.7088769E+02
  14 0.7054575E+02
   3 0.6999829E+02
   5 0.7014314E+02
  22 0.7040470E+02
  29 0.7079745E+02
  13 0.7065986E+02
   3 0.7065501E+02
  28 0.7063701E+02
  25 0.6984507E+02
  18 0.7011424E+02
  17 0.7018088E+02
  15 0.7079735E+02
   7 0.7043008E+02
  14 0.7086229E+02
  20 0.6990455E+02
  16 0.7029090E+02
   2 0.7006649E+02
  15 0.4958695E+02
  10 0.7046057E+02
  13 0.7002569E+02
   7 0.7109500E+02
  24 0.7040723E+02
  30 0.7044804E+02
  19 0.7080323E+02
  20 0.6937742E+02
  21 0.7031008E+02
  13 0.7115979E+02
   4 0.7085921E+02
  24 0.3634549E+02
   7 0.7058269E+02
   4 0.2602025E+02
  14 0.7061650E+02
  27 0.7029412E+02
   1 0.7030506E+02
  19 0.7131985E+02
   6 0.6983631E+02
  15 0.7018582E+02
  20 0.6946384E+02
  10 0.7048386E+02
  15 0.4574522E+02
   4 0.6998116E+02
  24 0.7018637E+02
  12 0.7105430E+02
   7 0.7072575E+02
  20 0.7123075E+02
   4 0.6090606E+02
  14 0.6970473E+02
  29 0.7070975E+02
  19 0.7003292E+02
  13 0.7022311E+02
  26 0.6994671E+02
  14 0.7098974E+02
   3 0.6999786E+02
  11 0.7042463E+02
   1 0.6956922E+02
  11 0.5122486E+02
  16 0.7067737E+02
  29 0.7030407E+02
  23 0.7034105E+02
   4 0.7002955E+02
  19 0.7106333E+02
  22 0.7093851E+02
   8 0.7109700E+02
  13 0.7039964E+02
  29 0.7093812E+02
  26 0.6997258E+02
  12 0.6978478E+02
  28 0.7071100E+02
   2 0.6994291E+02
  22 0.7067276E+02
  30 0.7068639E+02
   9 0.7068482E+02
  21 0.7040982E+02
  12 0.7086966E+02
   4 0.7102321E+02
  25 0.7042704E+02
   1 0.7058611E+02
  28 0.7123948E+02
  13 0.7071860E+02
   5 0.7018085E+02
  31 0.7000581E+02
  18 0.7073560E+02
   3 0.7000811E+02
  19 0.7024475E+02
  26 0.5912949E+02
  22 0.7107499E+02
  17 0.7056119E+02
  21 0.6999049E+02
  21 0.2014309E+02
  13 0.7029636E+02
   8 0.7043895E+02
  21 0.4710551E+02
   5 0.7139320E+02
  27 0.7071372E+02
  28 0.6974781E+02
  12 0.6966915E+02
  15 0.7024103E+02
   4 0.7032416E+02
  18 0.4031612E+02
  10 0.6992402E+02
  14 0.7049157E+02
  31 0.6968146E+02
  20 0.6995968E+02
   7 0.7050761E+02
  22 0.7080595E+02
  28 0.7071954E+02
   8 0.7110759E+02
  19 0.7019784E+02
   1 0.6953119E+02
   4 0.7007630E+02
  10 0.6939515E+02
  24 0.6989784E+02
   1 0.7166659E+02
  21 0.6996811E+02
   5 0.7025050E+02
   6 0.7052805E+02
  16 0.7018719E+02
   9 0.7009164E+02
   7 0.6144374E+02
  20 0.6955464E+02
  10 0.7043811E+02
   8 0.7002658E+02
   4 0.6978605E+02
  30 0.7083107E+02
  10 0.7021875E+02
  26 0.6995461E+02
   8 0.5988692E+02
  11 0.7053719E+02
  22 0.7030756E+02
   7 0.7009773E+02
  16 0.7011616E+02
  10 0.6994769E+02
   4 0.7094665E+02
  23 0.6997252E+02
  26 0.7086859E+02
   3 0.7043787E+02
  27 0.7026900E+02
  29 0.7058915E+02
  21 0.7000422E+02
  31 0.7040011E+02
  16 0.7117421E+02
   2 0.7038067E+02
   8 0.5840811E+02
  30 0.6993262E+02
   3 0.5457023E+02
  22 0.6988059E+02
  14 0.7014151E+02
  25 0.7041594E+02
  21 0.7117599E+02
  29 0.6985241E+02
  31 0.3688026E+02
  12 0.6999668E+02
  16 0.6926479E+02
   1 0.7004751E+02
  25 0.7128683E+02
  23 0.7051240E+02
  24 0.7020818E+02
  13 0.7017421E+02
   2 0.7063332E+02
  17 0.7015426E+02
   3 0.6989668E+02
   5 0.7048867E+02
  30 0.7044940E+02
  15 0.7016502E+02
  12 0.7046643E+02
  18 0.7047107E+02
   1 0.7000036E+02
  29 0.6981721E+02
  19 0.7049461E+02
  28 0.6990314E+02
   6 0.7015590E+02
  17 0.7059176E+02
   9 0.7065444E+02
  30 0.7074450E+02
  17 0.6988173E+02
  18 0.7037120E+02
  20 0.7010986E+02
  15 0.7034941E+02
  23 0.6938728E+02
  19 0.6971497E+02
   4 0.7008381E+02
   7 0.7043394E+02
  29 0.7004865E+02
  28 0.7096905E+02
  27 0.7070115E+02
   9 0.7027763E+02
  29 0.5546858E+02
  10 0.7088676E+02
  23 0.7097642E+02
  15 0.7065051E+02
  20 0.7018208E+02
  11 0.7062431E+02
  23 0.7082099E+02
  17 0.6973676E+02
   1 0.7027666E+02
  23 0.7083851E+02
  25 0.7089432E+02
  10 0.6926011E+02
   9 0.7042225E+02
  14 0.7070802E+02
  22 0.7043161E+02
  16 0.7075730E+02
  11 0.7038281E+02
   1 0.7057268E+02
  29 0.7037617E+02
   5 0.7052432E+02
  13 0.7105528E+02
  26 0.7087437E+02
   1 0.6990369E+02
   8 0.7051410E+02
   2 0.7017345E+02
  11 0.7063480E+02
  12 0.7029436E+02
  21 0.7057195E+02
  26 0.6125858E+02
   1 0.6975283E+02
  24 0.7047695E+02
  29 0.6960481E+02
   4 0.7014473E+02
  21 0.6887572E+02
  31 0.7108559E+02
  18 0.6993069E+02
  24 0.7199373E+02
  27 0.7056501E+02
   3 0.7080326E+02
   4 0.7074835E+02
  30 0.7079479E+02
   6 0.7028609E+02
  25 0.7012044E+02
   8 0.7050875E+02
  28 0.7059122E+02
  31 0.7043397E+02
  27 0.7050677E+02
   4 0.7090165E+02
   2 0.7040037E+02
  11 0.7036890E+02
  24 0.2127541E+02
  27 0.6966701E+02
  29 0.7019550E+02
   3 0.7067317E+02
  14 0.6991194E+02
  17 0.7006403E+02
  24 0.7138398E+02
  20 0.7056290E+02
  17 0.6150651E+02
  15 0.6942100E+02
  13 0.7062792E+02
  10 0.7079658E+02
  14 0.7024729E+02
  22 0.6971226E+02
  20 0.7115013E+02
   9 0.7038937E+02
  19 0.7041313E+02
  22 0.7047523E+02
  15 0.7034466E+02
   5 0.7061137E+02
  12 0.7018883E+02
  30 0.7005038E+02
  20 0.6876246E+02
   6 0.6950624E+02
   1 0.7013584E+02
  26 0.7092641E+02
  23 0.7018204E+02
  17 0.6993432E+02
  10 0.7028481E+02
  25 0.7017863E+02
   7 0.7011566E+02
   4 0.7015222E+02
  22 0.7032696E+02
  16 0.7062605E+02
   8 0.7037658E+02
  17 0.7068122E+02
   9 0.7047453E+02
  27 0.7034648E+02
  21 0.7028815E+02
  10 0.6960134E+02
  26 0.7056132E+02
   7 0.7072888E+02
   8 0.7056917E+02
  28 0.7063788E+02
   4 0.7116786E+02
  18 0.7092716E+02
  25 0.7043929E+02
  17 0.7027099E+02
  27 0.7078142E+02
   6 0.7072459E+02
  23 0.7046416E+02
  10 0.7030494E+02
   8 0.7041382E+02
   9 0.7020543E+02
  16 0.7054677E+02
  21 0.6990744E+02
  18 0.7123037E+02
  11 0.7045166E+02
  10 0.4440473E+02
  14 0.6978687E+02
   7 0.7062768E+02
  17 0.7096813E+02
  22 0.7002543E+02
  29 0.7026502E+02
   3 0.7014285E+02
  24 0.7026713E+02
   8 0.7057040E+02
  27 0.7038881E+02
  21 0.7074507E+02
  13 0.7058494E+02
   4 0.6949066E+02
  14 0.7054701E+02
  15 0.7105549E+02
  16 0.7047804E+02
  31 0.7018301E+02
  31 0.6636872E+02
  29 0.7002286E+02
  27 0.7067406E+02
   9 0.7040168E+02
  21 0.7045603E+02
   4 0.7038139E+02
   8 0.6971324E+02
  11 0.6946823E+02
  13 0.7033310E+02
   7 0.7072185E+02
  20 0.7078478E+02
   2 0.7058354E+02
   5 0.7053283E+02
  27 0.7014324E+02
  28 0.7050291E+02
  16 0.7012739E+02
   1 0.7034937E+02
   9 0.7013524E+02
  19 0.7078391E+02
  13 0.7061566E+02
   4 0.7042556E+02
  12 0.7037815E+02
   1 0.6995803E+02
  20 0.7128588E+02
  21 0.6950185E+02
  29 0.6995578E+02
   7 0.6999212E+02
  31 0.7009406E+02
  26 0.7005162E+02
  10 0.7064536E+02
  29 0.3328594E+02
   4 0.7073648E+02
  15 0.6999801E+02
  31 0.4110616E+02
  12 0.7035041E+02
  16 0.7036058E+02
  13 0.7023867E+02
  17 0.7109374E+02
  20 0.7010293E+02
  25 0.7006120E+02
  12 0.7023961E+02
  23 0.7009163E+02
   4 0.7073433E+02
   4 0.3215347E+02
  10 0.7018690E+02
  20 0.7029320E+02
   6 0.7073153E+02
   8 0.7039909E+02
  17 0.6938559E+02
  30 0.7019897E+02
   4 0.7104367E+02
  24 0.7072749E+02
  28 0.7017487E+02
  10 0.7070381E+02
  27 0.7079534E+02
  23 0.7022121E+02
  16 0.7020699E+02
  14 0.7032226E+02
   3 0.7072641E+02
   5 0.7086556E+02
  20 0.7016514E+02
  11 0.7044307E+02
   8 0.7014041E+02
  28 0.7114775E+02
  17 0.3598505E+02
  24 0.7087179E+02
  18 0.7036174E+02
   4 0.7066573E+02
  23 0.7070572E+02
  21 0.7014439E+02
   9 0.7029024E+02
  26 0.7068246E+02
  19 0.7039193E+02
   1 0.7050564E+02
   7 0.7005931E+02
  30 0.6996599E+02
  27 0.7067921E+02
  29 0.7016159E+02
  13 0.7072513E+02
   2 0.7052581E+02
  15 0.7018957E+02
  22 0.7012118E+02
  10 0.7020436E+02
  12 0.7024070E+02
  31 0.7082257E+02
  25 0.7011248E+02
   6 0.6989871E+02
  16 0.1151106E+02
   3 0.4386058E+02
  45 0.5884713E+02
  43 0.3281672E+02
  58 0.6764065E+02
  37 0.7080007E+02
  13 0.7084430E+02
  27 0.7050507E+02
   6 0.7090745E+02
  29 0.7054001E+02
  59 0.7095596E+02
  31 0.6999484E+02
   7 0.7073413E+02
  60 0.6844307E+02
  26 0.7112492E+02
  33 0.6993793E+02
   2 0.7064265E+02
  51 0.6998386E+02
  19 0.7071301E+02
  56 0.7100885E+02
  52 0.6941368E+02
   5 0.6964920E+02
  15 0.7015136E+02
  35 0.6924337E+02
  57 0.7000149E+02
  54 0.7103873E+02
  24 0.6970280E+02
  18 0.7005213E+02
  51 0.6688376E+02
  48 0.7106019E+02
  37 0.6951996E+02
   8 0.6984744E+02
  12 0.6996705E+02
  50 0.7001880E+02
   3 0.7083261E+02
  17 0.7026607E+02
  62 0.6954589E+02
   2 0.7209800E+02
  10 0.7000755E+02
  25 0.6986619E+02
  60 0.7050150E+02
   6 0.6994282E+02
  43 0.6966448E+02
   1 0.7002253E+02
  16 0.6993956E+02
  45 0.6967885E+02
  15 0.7012632E+02
  18 0.7089841E+02
   4 0.6992648E+02
  62 0.7073915E+02
   7 0.6938257E+02
  13 0.7114725E+02
  35 0.7019840E+02
  51 0.7001745E+02
  43 0.7089113E+02
  33 0.7046269E+02
  24 0.7064499E+02
  48 0.7125229E+02
  19 0.7035736E+02
  57 0.7042503E+02
   6 0.6993430E+02
  17 0.7011943E+02
   5 0.7043453E+02
  18 0.6976480E+02
  35 0.7106780E+02
  31 0.6973980E+02
  15 0.7089753E+02
  26 0.7000516E+02
   3 0.6972417E+02
  13 0.7037980E+02
  29 0.7019368E+02
  45 0.7071227E+02
  20 0.7030040E+02
  56 0.6989764E+02
  62 0.7026939E+02
  54 0.6975971E+02
   1 0.6997116E+02
  26 0.2540488E+02
  19 0.7063754E+02
  56 0.7030423E+02
  15 0.7026963E+02
  17 0.7016369E+02
   9 0.7020456E+02
  37 0.6968503E+02
  34 0.7046380E+02
  62 0.7127879E+02
  35 0.6973913E+02
  34 0.4991660E+02
  19 0.7065715E+02
  38 0.7043406E+02
   5 0.7114840E+02
  48 0.7046530E+02
  54 0.7047301E+02
  11 0.7083907E+02
  31 0.6958109E+02
  45 0.7076275E+02
  35 0.7036525E+02
  30 0.7025100E+02
  29 0.7031825E+02
  22 0.7086385E+02
  15 0.7117999E+02
   9 0.7143984E+02
  53 0.7038659E+02
  54 0.7053332E+02
  39 0.7067427E+02
  22 0.7090460E+02
   9 0.7124103E+02
  17 0.7068158E+02
  33 0.6996481E+02
  32 0.7044813E+02
  19 0.7087305E+02
  13 0.7014326E+02
  47 0.7094080E+02
  14 0.7036812E+02
  43 0.6997170E+02
  54 0.7132422E+02
  54 0.5422658E+02
  41 0.7030479E+02
  37 0.7000034E+02
  63 0.7012325E+02
  55 0.7038450E+02
  23 0.7047231E+02
  39 0.6970048E+02
  40 0.7086376E+02
  32 0.7087558E+02
  35 0.7040064E+02
  48 0.7010510E+02
  21 0.6975512E+02
  30 0.6955183E+02
  28 0.7035775E+02
  42 0.7063439E+02
  49 0.7028457E+02
  44 0.6992255E+02
  47 0.7009329E+02
  19 0.7040798E+02
  46 0.7000405E+02
  53 0.7001369E+02
  49 0.6327970E+02
  31 0.7032833E+02
  61 0.7087157E+02
  35 0.7103641E+02
  60 0.7011849E+02
  15 0.7052781E+02
  25 0.7006468E+02
  52 0.7052939E+02
  58 0.7084830E+02
  36 0.7065848E+02
  54 0.7056489E+02
  44 0.7002157E+02
  37 0.7005987E+02
  60 0.7137105E+02
  19 0.7101797E+02
  33 0.6973592E+02
  26 0.7028733E+02
  50 0.6971186E+02
  47 0.6962003E+02
  32 0.7000843E+02
  13 0.7036723E+02
  59 0.7020559E+02
   2 0.7042070E+02
  48 0.7024324E+02
  54 0.7001974E+02
  55 0.6956801E+02
  60 0.7061694E+02
  27 0.7027819E+02
   8 0.7082123E+02
  63 0.7012202E+02
  48 0.7084960E+02
   5 0.7005756E+02
  24 0.7096051E+02
  36 0.7065669E+02
   7 0.7026846E+02
  62 0.7072349E+02
  38 0.7033498E+02
  32 0.7070650E+02
  38 0.2072997E+02
  36 0.7035410E+02
   1 0.7045535E+02
   2 0.7108080E+02
  12 0.7095273E+02
   2 0.2048314E+02
  57 0.7056910E+02
  16 0.7032594E+02
  37 0.6976656E+02
   8 0.7050502E+02
  51 0.7028989E+02
  41 0.7014430E+02
   6 0.6985055E+02
  10 0.7055735E+02
   4 0.7017031E+02
  48 0.7076358E+02
  59 0.7039383E+02
  18 0.7020673E+02
  23 0.7079905E+02
  24 0.7107032E+02
  15 0.6976123E+02
  58 0.7022365E+02
   8 0.7031782E+02
  10 0.7070298E+02
  51 0.7153345E+02
   4 0.7085212E+02
  41 0.7113006E+02
  56 0.7126363E+02
  43 0.7069927E+02
  15 0.7071634E+02
   3 0.7028910E+02
  63 0.6992569E+02
  16 0.7105993E+02
  39 0.7058295E+02
  10 0.7105669E+02
  34 0.7012660E+02
  56 0.7054669E+02
  15 0.7039543E+02
  52 0.7039228E+02
  41 0.6986597E+02
  53 0.7041604E+02
  52 0.1860205E+02
  53 0.5914922E+02
  50 0.7061218E+02
  19 0.7040205E+02
  20 0.7007759E+02
   6 0.7048117E+02
  16 0.7046418E+02
  28 0.7044719E+02
  11 0.7030410E+02
  41 0.5173640E+02
  21 0.7029427E+02
  39 0.7022173E+02
  17 0.7058687E+02
  56 0.7005048E+02
  47 0.7016182E+02
  63 0.7035569E+02
  18 0.7013216E+02
  36 0.7033705E+02
  29 0.7008064E+02
  20 0.4089930E+02
  62 0.7022931E+02
  37 0.6974210E+02
  53 0.3532606E+02
  22 0.7000968E+02
  11 0.7091081E+02
  40 0.7058929E+02
  42 0.7012031E+02
   9 0.7090668E+02
  50 0.6983089E+02
  35 0.7015446E+02
  31 0.7035251E+02
  38 0.7048965E+02
  25 0.7050250E+02
  41 0.7091319E+02
  10 0.6907996E+02
  19 0.7040577E+02
  17 0.7070987E+02
  55 0.7011280E+02
  54 0.6993030E+02
  21 0.6955709E+02
  36 0.7090426E+02
  40 0.6728385E+02
   2 0.7032635E+02
  35 0.7058757E+02
  28 0.6970289E+02
  62 0.6976919E+02
  46 0.7029014E+02
  44 0.7038585E+02
  28 0.3943928E+02
  10 0.7107556E+02
  56 0.6970365E+02
  40 0.5030940E+02
  45 0.7026502E+02
  24 0.7015449E+02
  33 0.7052790E+02
  23 0.6997566E+02
  14 0.7009947E+02
  22 0.6984707E+02
   5 0.7071954E+02
  19 0.7176821E+02
  30 0.7048241E+02
   7 0.7032674E+02
  11 0.7022828E+02
  46 0.7067682E+02
  42 0.7015328E+02
  51 0.7023076E+02
  38 0.7041430E+02
  53 0.7002702E+02
  26 0.6993852E+02
   7 0.7071796E+02
   5 0.6054252E+02
  33 0.7061812E+02
  24 0.7063385E+02
  27 0.7049394E+02
  46 0.7071307E+02
  49 0.7025909E+02
   4 0.7005268E+02
  41 0.6996614E+02
  56 0.6987661E+02
  60 0.7070719E+02
  12 0.7070657E+02
  31 0.6990201E+02
   7 0.6985158E+02
   3 0.6976716E+02
  14 0.6984862E+02
  11 0.6933599E+02
  52 0.7015910E+02
  23 0.6997622E+02
  53 0.6938329E+02
  48 0.7038019E+02
  18 0.7034451E+02
  45 0.7027089E+02
  61 0.7016321E+02
  34 0.7085571E+02
  38 0.6943673E+02
  56 0.7030900E+02
  15 0.7048839E+02
  13 0.7063071E+02
  27 0.6957258E+02
  46 0.7018507E+02
   4 0.7020657E+02
  33 0.7071570E+02
   5 0.6977411E+02
  53 0.7078951E+02
  11 0.7111575E+02
   7 0.7072320E+02
   1 0.7064758E+02
  32 0.7028158E+02
  47 0.7074094E+02
  60 0.7004497E+02
  50 0.6997115E+02
  39 0.7019213E+02
  37 0.7078398E+02
   3 0.6975285E+02
  57 0.7044382E+02
  58 0.7042972E+02
  48 0.7072640E+02
  36 0.7070087E+02
  54 0.7087190E+02
  46 0.2762434E+02
  38 0.7024396E+02
  27 0.7004197E+02
  35 0.7005848E+02
   9 0.6992832E+02
  46 0.3820618E+02
  59 0.7042985E+02
  21 0.7034502E+02
  37 0.7018069E+02
  23 0.6965644E+02
  17 0.6989707E+02
   2 0.7092847E+02
  10 0.6984997E+02
  43 0.7008127E+02
  50 0.5485775E+02
   1 0.6981533E+02
  28 0.7018195E+02
  25 0.7000218E+02
  30 0.7039489E+02
  10 0.7144779E+02
  62 0.7039465E+02
  11 0.7072392E+02
  28 0.7104363E+02
   6 0.7073535E+02
  16 0.7092717E+02
  23 0.2305771E+02
  31 0.7019233E+02
  33 0.7006044E+02
  63 0.7059871E+02
  47 0.6993187E+02
  54 0.7039641E+02
   5 0.6983189E+02
  55 0.7006231E+02
   4 0.7078697E+02
  21 0.6719046E+02
  29 0.7028668E+02
   8 0.6975057E+02
  40 0.6994669E+02
  11 0.6315720E+02
   4 0.4540051E+02
  63 0.7084516E+02
  53 0.6973932E+02
  17 0.7048338E+02
  28 0.7099159E+02
  29 0.7088054E+02
  36 0.6979359E+02
  33 0.6953770E+02
  42 0.7022175E+02
  51 0.7036622E+02
  40 0.7057495E+02
  63 0.7008050E+02
  30 0.7065022E+02
   2 0.7073941E+02
  46 0.7035688E+02
  15 0.7060925E+02
  35 0.7001739E+02
  10 0.7070898E+02
  50 0.6975988E+02
  22 0.7025277E+02
  26 0.7031898E+02
  20 0.7018984E+02
  25 0.6988703E+02
  23 0.7005935E+02
  16 0.7045309E+02
  19 0.7041253E+02
  11 0.5249583E+02
   4 0.7037200E+02
  22 0.4819484E+02
  24 0.7061228E+02
  49 0.7054256E+02
  12 0.7023138E+02
  39 0.7055810E+02
  51 0.7005705E+02
  45 0.7043277E+02
  34 0.7038302E+02
  56 0.7062982E+02
  44 0.7031318E+02
  13 0.7029142E+02
  50 0.7099536E+02
  35 0.3792033E+02
  49 0.7089161E+02
  42 0.6965890E+02
  61 0.7003880E+02
  41 0.7048462E+02
  53 0.6970201E+02
  63 0.6961969E+02
  18 0.6998480E+02
  62 0.6988510E+02
  43 0.6996661E+02
  32 0.7077894E+02
  16 0.7055409E+02
  36 0.6912628E+02
  52 0.7056349E+02
  60 0.7006707E+02
  19 0.7063672E+02
  52 0.7157538E+02
  25 0.7047859E+02
  38 0.7038940E+02
  50 0.7062635E+02
  15 0.6985626E+02
  14 0.6989942E+02
  27 0.7014785E+02
  62 0.7015684E+02
   3 0.7029759E+02
  45 0.6956841E+02
  35 0.7021615E+02
   7 0.7060995E+02
  57 0.7071718E+02
  40 0.6958356E+02
  19 0.7066197E+02
  49 0.6976537E+02
   9 0.7019499E+02
  61 0.7051296E+02
  18 0.6968076E+02
  24 0.6963629E+02
  25 0.7058068E+02
  37 0.7040085E+02
  36 0.7001890E+02
  41 0.7000143E+02
   1 0.7025981E+02
  60 0.7093905E+02
  43 0.7127300E+02
  58 0.7016499E+02
  51 0.7041654E+02
  38 0.7063331E+02
  47 0.7048052E+02
  27 0.7053406E+02
  55 0.7006007E+02
   3 0.7160212E+02
  63 0.7037143E+02
   8 0.7025864E+02
  53 0.7102009E+02
  11 0.7054462E+02
   7 0.7041208E+02
   2 0.6988582E+02
  46 0.7044292E+02
  14 0.7045101E+02
   6 0.7026691E+02
  20 0.7064765E+02
  21 0.7044452E+02
  54 0.7059889E+02
  15 0.6994267E+02
  57 0.6995522E+02
  31 0.7090113E+02
  12 0.7072713E+02
  56 0.6993261E+02
  59 0.7014734E+02
  40 0.6946863E+02
  13 0.7025650E+02
   5 0.7019511E+02
  62 0.6959489E+02
  29 0.7005303E+02
  30 0.7021577E+02
  48 0.7068374E+02
  10 0.7042274E+02
  34 0.6994682E+02
  42 0.7028890E+02
  17 0.7077218E+02
  22 0.6952744E+02
  28 0.7020904E+02
  26 0.7021417E+02
  45 0.7004617E+02
  33 0.7050075E+02
  32 0.6997339E+02
  44 0.7043881E+02
  39 0.7004876E+02
  16 0.6993731E+02
   4 0.7031220E+02
  35 0.7060336E+02
  23 0.7022039E+02
  50 0.7030620E+02
  49 0.7004634E+02
   9 0.7078836E+02
  18 0.7078116E+02
  19 0.7059550E+02
  52 0.7040139E+02
  61 0.7048646E+02
 111 0.9653019E+01
  57 0.5401005E+02
  25 0.5714684E+02
  74 0.4695561E+02
   9 0.7082879E+02
  17 0.7023906E+02
  26 0.7082086E+02
  44 0.7015148E+02
  89 0.7076248E+02
  60 0.7045808E+02
 110 0.7042468E+02
   5 0.7130177E+02
  70 0.7050267E+02
  30 0.7048742E+02
   1 0.7050099E+02
 117 0.7049547E+02
 112 0.6732686E+02
  90 0.7125831E+02
  50 0.7095179E+02
  76 0.7109225E+02
  25 0.2096826E+02
 125 0.7105233E+02
  54 0.6894735E+02
  65 0.6973322E+02
  69 0.6979570E+02
 116 0.6993432E+02
 107 0.7102031E+02
  28 0.7091786E+02
  60 0.4541179E+02
  33 0.7026503E+02
 118 0.7052665E+02
  64 0.7086963E+02
  68 0.6993355E+02
  36 0.7072471E+02
  71 0.6992182E+02
  42 0.7083853E+02
 122 0.6887203E+02
 110 0.6593583E+02
  92 0.7029756E+02
  32 0.7089621E+02
  14 0.6989606E+02
   6 0.7048674E+02
 114 0.6985007E+02
  91 0.7009031E+02
 117 0.7159369E+02
  63 0.7103765E+02
  14 0.3908888E+02
  17 0.7050000E+02
  28 0.2992936E+02
  84 0.7021801E+02
  83 0.7063188E+02
 102 0.6982552E+02
 111 0.7008357E+02
  94 0.7048155E+02
 105 0.7071075E+02
  86 0.6992722E+02
  99 0.6991916E+02
 127 0.6949887E+02
 101 0.6990458E+02
  79 0.7057235E+02
 114 0.5611676E+02
  77 0.6995195E+02
  31 0.7001049E+02
  73 0.7051959E+02
  45 0.6987897E+02
  56 0.7066087E+02
  53 0.7043468E+02
  66 0.7003442E+02
 123 0.6996737E+02
 116 0.7101629E+02
  95 0.7023987E+02
  69 0.7122909E+02
   9 0.6992906E+02
  47 0.6982241E+02
 104 0.7004872E+02
  69 0.6603748E+02
  80 0.6985216E+02
  59 0.6951767E+02
  36 0.7080401E+02
  15 0.7005094E+02
 107 0.7002719E+02
 101 0.7066233E+02
  98 0.7023121E+02
  73 0.7108744E+02
  17 0.7060856E+02
  79 0.6939462E+02
  90 0.7041056E+02
  34 0.6970684E+02
  78 0.6986604E+02
 117 0.6977571E+02
  35 0.7036515E+02
  95 0.7066354E+02
  50 0.7046867E+02
 127 0.6992870E+02
  29 0.7042996E+02
 100 0.6960387E+02
  31 0.7152534E+02
  32 0.6996865E+02
 113 0.6959031E+02
 119 0.7027935E+02
  14 0.6971472E+02
 118 0.7011662E+02
  59 0.6954700E+02
 105 0.7052222E+02
  28 0.7051746E+02
  98 0.3593742E+02
 116 0.6975518E+02
  80 0.7051379E+02
  76 0.7055672E+02
  15 0.6981809E+02
 110 0.6973031E+02
  92 0.6977208E+02
  60 0.6937996E+02
  77 0.7044483E+02
  73 0.7115247E+02
 105 0.6265465E+02
  17 0.7044741E+02
 113 0.7060805E+02
  59 0.7063756E+02
  80 0.7148546E+02
  90 0.7049850E+02
 127 0.6983920E+02
  76 0.7106109E+02
  35 0.7091612E+02
  47 0.7040999E+02
  69 0.7019742E+02
  66 0.7005600E+02
  79 0.7048661E+02
 113 0.7006441E+02
  45 0.6995388E+02
 102 0.7042604E+02
  68 0.7117955E+02
 100 0.7069135E+02
  29 0.6992902E+02
  28 0.6995161E+02
  78 0.7005182E+02
  34 0.6964777E+02
 102 0.6976716E+02
  23 0.7040373E+02
  48 0.7015734E+02
 127 0.7120800E+02
  59 0.6962279E+02
  10 0.7016984E+02
  69 0.7061591E+02
 113 0.7041868E+02
  50 0.6975097E+02
  49 0.6985571E+02
  47 0.6993054E+02
 113 0.7125897E+02
 111 0.7084165E+02
 122 0.7036039E+02
  73 0.6985670E+02
  21 0.7037289E+02
  83 0.7058247E+02
  42 0.7053898E+02
  39 0.7056608E+02
 106 0.6988305E+02
 117 0.7075664E+02
  38 0.7017727E+02
  95 0.7052183E+02
 114 0.7031025E+02
 121 0.6998892E+02
  34 0.7038370E+02
  26 0.7051896E+02
 103 0.7039998E+02
  28 0.6966640E+02
  66 0.7030041E+02
  20 0.7063109E+02
  16 0.7019239E+02
 101 0.7049827E+02
  51 0.7016658E+02
  91 0.7013639E+02
  22 0.7016031E+02
  31 0.7031298E+02
  67 0.7034209E+02
  41 0.6991189E+02
 126 0.7028965E+02
  88 0.6993066E+02
  71 0.7038915E+02
  87 0.7046434E+02
  50 0.7091614E+02
 109 0.7029178E+02
  96 0.7007067E+02
  27 0.7079682E+02
   4 0.7031814E+02
  69 0.7073276E+02
  19 0.7020475E+02
 119 0.7080117E+02
 113 0.7100624E+02
  93 0.7026582E+02
  72 0.7056283E+02
 124 0.7038682E+02
   7 0.6949875E+02
  85 0.7060386E+02
 108 0.7011664E+02
   3 0.7050031E+02
  78 0.6969738E+02
  43 0.7027260E+02
  18 0.7025192E+02
 120 0.6979997E+02
 123 0.7002249E+02
  37 0.7033876E+02
  41 0.6171947E+02
  34 0.7055546E+02
  31 0.7135946E+02
  62 0.7019646E+02
  61 0.7030820E+02
  75 0.7068770E+02
   2 0.7088480E+02
  80 0.6987830E+02
  57 0.6993261E+02
 109 0.7128231E+02
  24 0.7090835E+02
  14 0.7018702E+02
  30 0.7014749E+02
  55 0.7011304E+02
  58 0.7023747E+02
  77 0.7068070E+02
  97 0.7043964E+02
  88 0.7052761E+02
  11 0.7005453E+02
  81 0.7051985E+02
  91 0.7092581E+02
 114 0.7078863E+02
  94 0.7022571E+02
  12 0.7018525E+02
  63 0.6976727E+02
  62 0.7095862E+02
  40 0.7025505E+02
  32 0.7021855E+02
  83 0.7048039E+02
  46 0.7013937E+02
 115 0.7061699E+02
  74 0.7004188E+02
  61 0.7029471E+02
  82 0.7049522E+02
  13 0.7036109E+02
 109 0.7107254E+02
  44 0.7028391E+02
  92 0.7062512E+02
  94 0.4383354E+02
 107 0.6977051E+02
   8 0.7043589E+02
  52 0.7024737E+02
 125 0.7004300E+02
 106 0.6987183E+02
  69 0.7119318E+02
  47 0.6927291E+02
 117 0.6998620E+02
  25 0.7021298E+02
  39 0.6916435E+02
  38 0.6988370E+02
  97 0.7097974E+02
  47 0.3774967E+02
  22 0.7042036E+02
 120 0.7096166E+02
  89 0.7004200E+02
  76 0.7066166E+02
  73 0.6919451E+02
  70 0.7036109E+02
  90 0.7044171E+02
   5 0.7041462E+02
  51 0.6968390E+02
 118 0.7033250E+02
  57 0.6973920E+02
  36 0.7052598E+02
  92 0.7088499E+02
 112 0.7015365E+02
  67 0.7036084E+02
 104 0.7059451E+02
  99 0.7021715E+02
  19 0.7060499E+02
 126 0.7092249E+02
  88 0.7090953E+02
 103 0.7015486E+02
 110 0.7093709E+02
  82 0.6968357E+02
   1 0.7039271E+02
   7 0.6994463E+02
   2 0.7011077E+02
  21 0.7057837E+02
  56 0.7010176E+02
  98 0.7006962E+02
  64 0.7027938E+02
  33 0.6995850E+02
  60 0.7024620E+02
  65 0.7047335E+02
  94 0.6922301E+02
   6 0.7000556E+02
  71 0.7030940E+02
  78 0.7029601E+02
  86 0.7081003E+02
  53 0.6999316E+02
  18 0.7040097E+02
  26 0.7006826E+02
  35 0.7044107E+02
 114 0.7052237E+02
  54 0.7087702E+02
  84 0.7028657E+02
  81 0.7065700E+02
  31 0.7001478E+02
  48 0.7108470E+02
  42 0.7032208E+02
  79 0.7010328E+02
  37 0.6993434E+02
 101 0.6985791E+02
  17 0.7043561E+02
  67 0.5385980E+02
 115 0.7010713E+02
 100 0.7070764E+02
  68 0.7021333E+02
  85 0.7018821E+02
 105 0.7027643E+02
 124 0.6995132E+02
  47 0.7035506E+02
  12 0.7034742E+02
  10 0.6997238E+02
   9 0.7055919E+02
  74 0.6991883E+02
  88 0.6999742E+02
 102 0.7042590E+02
 126 0.7103666E+02
  24 0.7020078E+02
  93 0.7018950E+02
  22 0.7123802E+02
 116 0.7052595E+02
  14 0.6993114E+02
  52 0.6962879E+02
  29 0.7050628E+02
  78 0.6970065E+02
  25 0.6981338E+02
  97 0.7003350E+02
  39 0.6976110E+02
  90 0.7104639E+02
  33 0.7039993E+02
  23 0.7041886E+02
  46 0.6983034E+02
 113 0.7006626E+02
  71 0.7082635E+02
  99 0.7030585E+02
 124 0.7090973E+02
  44 0.7016650E+02
  94 0.7018167E+02
  47 0.7025132E+02
  64 0.6999862E+02
  45 0.7052491E+02
  14 0.7039085E+02
  86 0.6993298E+02
   1 0.6941859E+02
  56 0.6988894E+02
  21 0.6986496E+02
 105 0.7075494E+02
 100 0.7127856E+02
 103 0.7015209E+02
  31 0.7032241E+02
  28 0.6982328E+02
  30 0.7038243E+02
 112 0.7040125E+02
  88 0.5096534E+02
  70 0.7011933E+02
  35 0.7059282E+02
   8 0.7022979E+02
  32 0.7049880E+02
  95 0.7091124E+02
  27 0.7016985E+02
  93 0.7075038E+02
  59 0.7062376E+02
  43 0.7042116E+02
   4 0.7046157E+02
 123 0.6999774E+02
  35 0.2378751E+02
  37 0.7083495E+02
  20 0.7009866E+02
 107 0.7060909E+02
  52 0.7010973E+02
  49 0.7043282E+02
  51 0.7025243E+02
  34 0.7053225E+02
  67 0.6960257E+02
 111 0.6970559E+02
  41 0.7038443E+02
   5 0.6963653E+02
  78 0.7089630E+02
  84 0.6974597E+02
 121 0.6998731E+02
  30 0.7103394E+02
 112 0.7063919E+02
  23 0.7032830E+02
  15 0.7031766E+02
  28 0.6994983E+02
 125 0.7062308E+02
 100 0.7096142E+02
  43 0.7020699E+02
  50 0.6998898E+02
  61 0.6952033E+02
 122 0.7025474E+02
  91 0.7028051E+02
  55 0.7055274E+02
  95 0.7018839E+02
 105 0.7107945E+02
  39 0.6969417E+02
  64 0.6982867E+02
 109 0.6961935E+02
  10 0.7041988E+02
 119 0.7036848E+02
  24 0.7074376E+02
  42 0.6996029E+02
 107 0.6973427E+02
  49 0.7034573E+02
  56 0.6955555E+02
  96 0.7053901E+02
  59 0.7000088E+02
  87 0.7011465E+02
  90 0.6992921E+02
  75 0.7030701E+02
  17 0.7100321E+02
  54 0.7046469E+02
  98 0.6994735E+02
  73 0.7023063E+02
  32 0.6991791E+02
  60 0.7056829E+02
   2 0.7016994E+02
 108 0.7061978E+02
  40 0.7056759E+02
  36 0.6970311E+02
  71 0.7002699E+02
  38 0.7066899E+02
 104 0.7084496E+02
  66 0.7034772E+02
 106 0.7054944E+02
  89 0.7023733E+02
  63 0.7034232E+02
  58 0.7041739E+02
  45 0.7028094E+02
  57 0.7056455E+02
  41 0.7142570E+02
  37 0.7071853E+02
  85 0.7038039E+02
   6 0.7070947E+02
  77 0.7027294E+02
  26 0.7089836E+02
  82 0.7082516E+02
   7 0.7030113E+02
   3 0.6997841E+02
  83 0.7038581E+02
  29 0.7011072E+02
  16 0.7054508E+02
  11 0.7011609E+02
 120 0.7021052E+02
 123 0.7016590E+02
  12 0.7033787E+02
 127 0.7038747E+02
  68 0.7007158E+02
  53 0.7078041E+02
  70 0.6982902E+02
  84 0.7060239E+02
  35 0.7045819E+02
  65 0.7048434E+02
  97 0.7018562E+02
  48 0.7021964E+02
  94 0.7001064E+02
  78 0.7074391E+02
 116 0.7023391E+02
 101 0.7003750E+02
  13 0.7044520E+02
  62 0.7052760E+02
  67 0.7012913E+02
 102 0.7006627E+02
  34 0.6952374E+02
  88 0.6992754E+02
 115 0.7066965E+02
   1 0.7069196E+02
  21 0.7043577E+02
  80 0.7064325E+02
 113 0.6969367E+02
  19 0.7057043E+02
  76 0.7088238E+02
  51 0.6991216E+02
 110 0.6992086E+02
 114 0.7006910E+02
 103 0.6975913E+02
  92 0.7000489E+02
  22 0.7015384E+02
  25 0.7050370E+02
  27 0.7020452E+02
  86 0.7046769E+02
  52 0.7007378E+02
  47 0.7048121E+02
 118 0.7047796E+02
   4 0.7022138E+02
  81 0.6970074E+02
  72 0.7021619E+02
  79 0.7023959E+02
  69 0.7051503E+02
   8 0.7011739E+02
 121 0.7076309E+02
  33 0.7047892E+02
  44 0.7070479E+02
  93 0.7075231E+02
   9 0.7033564E+02
  14 0.6993315E+02
 126 0.7018520E+02
  74 0.6998486E+02
 124 0.6988754E+02
  20 0.7035182E+02
   5 0.6994652E+02
 117 0.7023286E+02
 111 0.7013011E+02
  31 0.7070749E+02
  99 0.7036285E+02
  18 0.7020267E+02
  46 0.7037277E+02
