   1 0.8282140E+02
   1 0.8338669E+02
   1 0.8304316E+02
   1 0.8355914E+02
   1 0.8357435E+02
   1 0.8324077E+02
   1 0.8359794E+02
   1 0.8432381E+02
   1 0.8282724E+02
   1 0.8300117E+02
   1 0.8331364E+02
   1 0.8236521E+02
   1 0.8343427E+02
   1 0.8389276E+02
   1 0.5056108E+02
   1 0.8325572E+02
   1 0.8320793E+02
   1 0.8253790E+02
   1 0.8334370E+02
   1 0.3144348E+02
   1 0.8332268E+02
   1 0.8364159E+02
   1 0.7213475E+02
   1 0.8340898E+02
   1 0.8318259E+02
   1 0.7008131E+02
   1 0.8342438E+02
   1 0.6809614E+02
   1 0.8297466E+02
   1 0.8302278E+02
   1 0.7256243E+02
   1 0.8285967E+02
   1 0.8309719E+02
   1 0.8327961E+02
   1 0.8339082E+02
   1 0.8386950E+02
   1 0.8339383E+02
   1 0.8274453E+02
   1 0.8368806E+02
   1 0.8421529E+02
   1 0.8382717E+02
   1 0.8315282E+02
   1 0.8308326E+02
   1 0.8350754E+02
   1 0.8338950E+02
   1 0.8348773E+02
   1 0.6595177E+02
   1 0.8395989E+02
   1 0.8350409E+02
   1 0.8322804E+02
   1 0.8321094E+02
   1 0.8294219E+02
   1 0.7965518E+02
   1 0.8286850E+02
   1 0.8365851E+02
   1 0.7885602E+02
   1 0.8419314E+02
   1 0.8411035E+02
   1 0.8343111E+02
   1 0.8356618E+02
   1 0.8379961E+02
   1 0.8374298E+02
   1 0.8368294E+02
   1 0.8324028E+02
   1 0.8319877E+02
   1 0.8331062E+02
   1 0.8374590E+02
   1 0.8324824E+02
   1 0.8310548E+02
   1 0.6361478E+02
   1 0.8296747E+02
   1 0.8285400E+02
   1 0.8336734E+02
   1 0.8350412E+02
   1 0.7506070E+02
   1 0.8337306E+02
   1 0.8302013E+02
   1 0.8322260E+02
   1 0.7410681E+02
   1 0.8324210E+02
   1 0.7571272E+02
   1 0.8194255E+02
   1 0.8258823E+02
   1 0.8353831E+02
   1 0.7393661E+02
   1 0.8329509E+02
   1 0.8336741E+02
   1 0.8378240E+02
   1 0.8325208E+02
   1 0.8352522E+02
   1 0.8317035E+02
   1 0.8306783E+02
   1 0.8390533E+02
   1 0.8371984E+02
   1 0.3879075E+02
   1 0.8302456E+02
   1 0.8267558E+02
   1 0.8375940E+02
   1 0.8348841E+02
   1 0.8286786E+02
   1 0.7480727E+02
   1 0.8368228E+02
   1 0.8225510E+02
   1 0.7136506E+02
   1 0.8300027E+02
   1 0.8413198E+02
   1 0.8394761E+02
   1 0.8314485E+02
   1 0.8325655E+02
   1 0.8312215E+02
   1 0.8269673E+02
   1 0.8337591E+02
   1 0.8336684E+02
   1 0.8334500E+02
   1 0.8373030E+02
   1 0.8299360E+02
   1 0.8312726E+02
   1 0.8377226E+02
   1 0.8341665E+02
   1 0.8348451E+02
   1 0.8283768E+02
   1 0.8366471E+02
   1 0.8323974E+02
   1 0.8307996E+02
   1 0.8288942E+02
   1 0.8355364E+02
   1 0.8363730E+02
   1 0.8299235E+02
   1 0.8344420E+02
   3 0.8362341E+02
   2 0.8314513E+02
   3 0.8383129E+02
   1 0.8352489E+02
   3 0.8312507E+02
   1 0.8263081E+02
   1 0.8344520E+02
   2 0.8285830E+02
   3 0.1804210E+02
   2 0.8286043E+02
   3 0.8280827E+02
   2 0.8274319E+02
   3 0.8332228E+02
   1 0.8342407E+02
   3 0.8312308E+02
   2 0.8343321E+02
   2 0.8399815E+02
   2 0.8350021E+02
   1 0.8328230E+02
   3 0.8392770E+02
   1 0.8396737E+02
   1 0.8240818E+02
   2 0.8357371E+02
   2 0.6874262E+02
   2 0.8279254E+02
   3 0.8364766E+02
   2 0.8348867E+02
   3 0.8345788E+02
   2 0.8380115E+02
   3 0.8291013E+02
   2 0.8334698E+02
   3 0.4691137E+02
   1 0.8317588E+02
   2 0.8350579E+02
   3 0.8215164E+02
   1 0.8273533E+02
   1 0.8350017E+02
   1 0.8304145E+02
   1 0.8383800E+02
   2 0.8348502E+02
   3 0.8294932E+02
   3 0.8377527E+02
   2 0.8312840E+02
   3 0.8219870E+02
   2 0.8449276E+02
   1 0.8339619E+02
   2 0.8241639E+02
   2 0.8363797E+02
   3 0.8344726E+02
   3 0.8301992E+02
   3 0.5707042E+02
   1 0.8268428E+02
   3 0.8349263E+02
   2 0.8329314E+02
   1 0.8295396E+02
   3 0.8262067E+02
   2 0.8318955E+02
   1 0.8213411E+02
   2 0.8365285E+02
   1 0.8293754E+02
   2 0.8308953E+02
   1 0.8354654E+02
   1 0.8294484E+02
   3 0.8334957E+02
   3 0.8248867E+02
   3 0.5777280E+02
   2 0.8380634E+02
   3 0.8336842E+02
   3 0.8350691E+02
   1 0.8351193E+02
   3 0.8367085E+02
   1 0.8321827E+02
   2 0.8324016E+02
   3 0.8301417E+02
   3 0.8383354E+02
   1 0.8353209E+02
   2 0.8334209E+02
   1 0.8317836E+02
   2 0.8366901E+02
   3 0.8319641E+02
   2 0.8326366E+02
   3 0.8374596E+02
   3 0.8317436E+02
   1 0.8335726E+02
   1 0.8249357E+02
   1 0.8285933E+02
   2 0.8344899E+02
   2 0.8323076E+02
   3 0.8340269E+02
   3 0.8346494E+02
   1 0.8326845E+02
   1 0.8363517E+02
   2 0.8283924E+02
   1 0.8413377E+02
   1 0.8384052E+02
   3 0.8300222E+02
   1 0.8348855E+02
   2 0.8338508E+02
   2 0.8299783E+02
   2 0.8273416E+02
   2 0.2639044E+02
   3 0.8399991E+02
   1 0.8359502E+02
   1 0.8356326E+02
   3 0.8293567E+02
   1 0.8351671E+02
   3 0.8416463E+02
   2 0.8317979E+02
   2 0.5452982E+02
   2 0.8361319E+02
   2 0.8320005E+02
   1 0.8371317E+02
   3 0.8315352E+02
   1 0.8347661E+02
   1 0.8312292E+02
   2 0.8340062E+02
   2 0.8340612E+02
   1 0.8392998E+02
   3 0.8328181E+02
   1 0.8304402E+02
   3 0.8336010E+02
   3 0.8306217E+02
   2 0.8311737E+02
   3 0.8342204E+02
   3 0.3005951E+02
   2 0.8310457E+02
   1 0.8333187E+02
   5 0.8322355E+02
   7 0.8380626E+02
   1 0.8317905E+02
   4 0.8311320E+02
   1 0.8438529E+02
   4 0.8367369E+02
   2 0.8225640E+02
   1 0.2340128E+02
   2 0.8328901E+02
   6 0.8306394E+02
   3 0.8384103E+02
   2 0.8323435E+02
   3 0.8335860E+02
   5 0.8302628E+02
   7 0.8345097E+02
   3 0.8370394E+02
   7 0.6456931E+02
   4 0.8324940E+02
   5 0.8257449E+02
   1 0.8321321E+02
   7 0.8323449E+02
   6 0.8341527E+02
   5 0.8342835E+02
   2 0.8342130E+02
   7 0.8310658E+02
   2 0.8291341E+02
   3 0.8365958E+02
   5 0.8306511E+02
   4 0.8325414E+02
   3 0.8267240E+02
   5 0.8271506E+02
   1 0.8308623E+02
   2 0.8299537E+02
   1 0.8343929E+02
   2 0.7965706E+02
   6 0.8354336E+02
   7 0.8307949E+02
   2 0.8243245E+02
   6 0.8266730E+02
   1 0.8316837E+02
   2 0.8305991E+02
   1 0.8375599E+02
   7 0.8296540E+02
   2 0.8264179E+02
   6 0.8271911E+02
   4 0.8292990E+02
   3 0.8328366E+02
   5 0.8327477E+02
   1 0.8270224E+02
   2 0.8353033E+02
   6 0.8327127E+02
   6 0.8291846E+02
   2 0.8273139E+02
   7 0.8280117E+02
   6 0.8358458E+02
   7 0.8302628E+02
   4 0.8345898E+02
   3 0.8321777E+02
   5 0.8312946E+02
   6 0.8343845E+02
   1 0.8316192E+02
   1 0.2595873E+02
   1 0.8420846E+02
   4 0.8234845E+02
   2 0.8346995E+02
   5 0.8291860E+02
   2 0.8374274E+02
   1 0.8295763E+02
   1 0.8367312E+02
   2 0.8324360E+02
   4 0.8313822E+02
   2 0.2694603E+02
   7 0.8355456E+02
   3 0.8341932E+02
   6 0.8301450E+02
   2 0.8310823E+02
   7 0.8339817E+02
   5 0.8340455E+02
   7 0.8326168E+02
   5 0.8357333E+02
   1 0.8305284E+02
   4 0.8316800E+02
   7 0.8335690E+02
   4 0.8375879E+02
   1 0.8280421E+02
   7 0.8352564E+02
   3 0.8252494E+02
   6 0.8305717E+02
   2 0.8352122E+02
   7 0.8318394E+02
   5 0.8270660E+02
   4 0.8279297E+02
   2 0.8333743E+02
   3 0.8347337E+02
   4 0.8371366E+02
   1 0.8321742E+02
   3 0.8295245E+02
   2 0.8355592E+02
   6 0.8332961E+02
   1 0.8320786E+02
   7 0.8356075E+02
   2 0.8311021E+02
   1 0.8353051E+02
   5 0.8317419E+02
   6 0.8296335E+02
   5 0.8397950E+02
   1 0.8286436E+02
   4 0.8354610E+02
   2 0.8310343E+02
   3 0.8367252E+02
   1 0.8311428E+02
   5 0.8329242E+02
   4 0.8293603E+02
   6 0.8353499E+02
   3 0.8336461E+02
   7 0.8417198E+02
   4 0.8372529E+02
   2 0.8245909E+02
   6 0.8349443E+02
   3 0.8288181E+02
   4 0.8345591E+02
   3 0.8350749E+02
   4 0.5688402E+02
   5 0.8317642E+02
   1 0.8330324E+02
   7 0.8316318E+02
   2 0.8284806E+02
   6 0.8367806E+02
  15 0.8455953E+02
   3 0.8352031E+02
   7 0.8371715E+02
  12 0.8341859E+02
   2 0.8334394E+02
  12 0.3753717E+02
   5 0.8321612E+02
   7 0.8418203E+02
   3 0.8314680E+02
  10 0.8269647E+02
  15 0.8332120E+02
  13 0.8274912E+02
   3 0.8267772E+02
  12 0.8339995E+02
   5 0.8260466E+02
   7 0.8337436E+02
  13 0.8353774E+02
   3 0.8378353E+02
   9 0.8352440E+02
  15 0.8348121E+02
   7 0.8384785E+02
  11 0.8310811E+02
   3 0.8392678E+02
   5 0.8254310E+02
  11 0.8292772E+02
  12 0.8282282E+02
   5 0.5735039E+02
   3 0.8302256E+02
   1 0.8386273E+02
  11 0.8368040E+02
   2 0.8351322E+02
   6 0.8330597E+02
  15 0.8298004E+02
  12 0.8359275E+02
   2 0.8370569E+02
   9 0.8275322E+02
   5 0.8288168E+02
   4 0.8379633E+02
  15 0.8330802E+02
   8 0.8316255E+02
   9 0.8341328E+02
  14 0.8365479E+02
  11 0.8282291E+02
  14 0.8381087E+02
   3 0.8292757E+02
  11 0.8343784E+02
   9 0.8273287E+02
   8 0.8346723E+02
  10 0.8336517E+02
  15 0.8321041E+02
  14 0.8325105E+02
  13 0.8349765E+02
   9 0.8312260E+02
  10 0.8323739E+02
   2 0.8310144E+02
   7 0.8331777E+02
   8 0.8269334E+02
  11 0.8324054E+02
  13 0.3453956E+02
   2 0.8373736E+02
  10 0.8319564E+02
   9 0.8290093E+02
   9 0.8768151E+01
   4 0.8289537E+02
  14 0.8314834E+02
  11 0.8397423E+02
   9 0.8296631E+02
  10 0.8341740E+02
   8 0.8380234E+02
   3 0.8305810E+02
  13 0.8263352E+02
   7 0.8241775E+02
  14 0.8352840E+02
   1 0.8367510E+02
   7 0.7725250E+02
   3 0.5547998E+02
   4 0.8321740E+02
   8 0.8358016E+02
  11 0.8318696E+02
   5 0.8312811E+02
  10 0.8249969E+02
   4 0.1619619E+02
   8 0.7946690E+02
  13 0.8413337E+02
   9 0.8312902E+02
   6 0.8335101E+02
  12 0.8311207E+02
   9 0.4557431E+02
   2 0.8357288E+02
  12 0.8364241E+02
   4 0.8278319E+02
   2 0.8250383E+02
   9 0.8301073E+02
  13 0.8300571E+02
   3 0.8312493E+02
   6 0.8288869E+02
  15 0.8386604E+02
   4 0.8298349E+02
  12 0.8316765E+02
   6 0.8338714E+02
  15 0.8255124E+02
  10 0.8298995E+02
  12 0.8207255E+02
   2 0.8369477E+02
   7 0.8331147E+02
  12 0.8393049E+02
   2 0.8338078E+02
  11 0.8306330E+02
   5 0.8279351E+02
   9 0.8296560E+02
   3 0.8379577E+02
  14 0.8312882E+02
   7 0.8305324E+02
   1 0.8354936E+02
   9 0.4505175E+02
   4 0.8383608E+02
  12 0.8362879E+02
   2 0.8336524E+02
   3 0.8240212E+02
   8 0.8313832E+02
  10 0.8319343E+02
  14 0.8311507E+02
  13 0.8336269E+02
   7 0.8271526E+02
   6 0.8355218E+02
  15 0.8304706E+02
  11 0.8335433E+02
   5 0.8370281E+02
   4 0.6780038E+02
  30 0.8366575E+02
  23 0.6432781E+02
  22 0.8318973E+02
  29 0.8394232E+02
  21 0.8075068E+02
  12 0.8280675E+02
  28 0.3952044E+02
  11 0.8287747E+02
  31 0.8349765E+02
   2 0.8397859E+02
   7 0.8331044E+02
  13 0.8323104E+02
  26 0.8352490E+02
  28 0.8363198E+02
  27 0.8216121E+02
   9 0.8256438E+02
  20 0.8302043E+02
  30 0.8368566E+02
  14 0.8306259E+02
  25 0.8323186E+02
   5 0.8369440E+02
  29 0.8293359E+02
  18 0.8321109E+02
  10 0.8281250E+02
   2 0.8244515E+02
  11 0.8289871E+02
  21 0.8425613E+02
  28 0.8351613E+02
  31 0.8359137E+02
  13 0.8341030E+02
   9 0.8386844E+02
  30 0.8288333E+02
  29 0.8364944E+02
  27 0.8378154E+02
   5 0.8358010E+02
  13 0.2040018E+02
  12 0.8274287E+02
  14 0.7926248E+02
  10 0.8380701E+02
  25 0.8347063E+02
  28 0.8247687E+02
   5 0.8241595E+02
  27 0.4733150E+02
   9 0.8326406E+02
  28 0.7263412E+02
   2 0.8327118E+02
  31 0.8334154E+02
   5 0.8380466E+02
  28 0.8370232E+02
  14 0.8286398E+02
   2 0.8332064E+02
  12 0.8313722E+02
  10 0.8301091E+02
  27 0.8226620E+02
   9 0.8252600E+02
  12 0.8375931E+02
  15 0.8314846E+02
  31 0.8342983E+02
   8 0.8306799E+02
   5 0.8326906E+02
   1 0.8282670E+02
   9 0.8367316E+02
  14 0.8361928E+02
  24 0.8318623E+02
  19 0.8297715E+02
   4 0.8325085E+02
   5 0.8345191E+02
   3 0.8318056E+02
   2 0.8263468E+02
   6 0.8345275E+02
  17 0.8362923E+02
  23 0.8316121E+02
  23 0.4340361E+02
  19 0.8051931E+02
  15 0.8360980E+02
  16 0.8340502E+02
  14 0.8313382E+02
   7 0.8384754E+02
   8 0.8295385E+02
  26 0.8292770E+02
  31 0.8344806E+02
  27 0.8286111E+02
  22 0.8356876E+02
  24 0.8299525E+02
  11 0.8381794E+02
   7 0.8297638E+02
  19 0.8332708E+02
  22 0.8377920E+02
  17 0.8294999E+02
  16 0.8365705E+02
   3 0.8358046E+02
   8 0.8369877E+02
  21 0.8307095E+02
  22 0.7557780E+02
   6 0.8334046E+02
   7 0.4220290E+02
   9 0.8315501E+02
  25 0.8363889E+02
  20 0.8320426E+02
  30 0.8352013E+02
  18 0.8341622E+02
  11 0.8244319E+02
   4 0.8288183E+02
   8 0.8312328E+02
   3 0.8253756E+02
   5 0.8333682E+02
  31 0.8340416E+02
  17 0.8351323E+02
  22 0.8300465E+02
  13 0.8312753E+02
  29 0.8306960E+02
  28 0.8328797E+02
  12 0.8321837E+02
   1 0.8328017E+02
  24 0.8339951E+02
  10 0.8376647E+02
  27 0.8336472E+02
  23 0.8308046E+02
  14 0.8310703E+02
  21 0.8354447E+02
  19 0.8330469E+02
  16 0.8375186E+02
  15 0.8378656E+02
   6 0.8363871E+02
   7 0.8291223E+02
  26 0.8280560E+02
   2 0.8353939E+02
  14 0.7127810E+02
  27 0.8364505E+02
  32 0.8177730E+02
   8 0.8356403E+02
  52 0.8362701E+02
  35 0.8284906E+02
  37 0.2636199E+02
  58 0.8420046E+02
   7 0.8347205E+02
  21 0.8416250E+02
  13 0.8428695E+02
  18 0.6766397E+02
   9 0.8330903E+02
  63 0.8373657E+02
  12 0.8394357E+02
  33 0.7753924E+02
   2 0.8248192E+02
  22 0.8239505E+02
  40 0.8341213E+02
  36 0.8311713E+02
  61 0.8289907E+02
  20 0.8422818E+02
  44 0.8336008E+02
  29 0.6734970E+02
  52 0.2395886E+02
  19 0.8273885E+02
  53 0.8383012E+02
  14 0.8292787E+02
  32 0.7271916E+02
  31 0.8294058E+02
  35 0.8395444E+02
  50 0.8289080E+02
  17 0.8319909E+02
  26 0.8404669E+02
   9 0.8377277E+02
  40 0.7105691E+02
  25 0.8297799E+02
  11 0.8365385E+02
  41 0.8323078E+02
  22 0.8421245E+02
   3 0.8277222E+02
  10 0.8294604E+02
  59 0.8267116E+02
  36 0.8360849E+02
  49 0.8310823E+02
  61 0.2120838E+02
  23 0.8356097E+02
  28 0.8260410E+02
  43 0.8345758E+02
  26 0.6185955E+02
  23 0.4891880E+02
  56 0.8358591E+02
  48 0.8318518E+02
   7 0.8307791E+02
  24 0.8350640E+02
  51 0.8300588E+02
   1 0.8302648E+02
   6 0.8289223E+02
  19 0.8276614E+02
  18 0.8298067E+02
  33 0.8309533E+02
  63 0.8305966E+02
  19 0.3831592E+02
  35 0.8244845E+02
  60 0.8324419E+02
  57 0.8308345E+02
  34 0.8279487E+02
  27 0.8403351E+02
  37 0.8331663E+02
   7 0.8279025E+02
  22 0.8385708E+02
  61 0.8397646E+02
  52 0.8262170E+02
  13 0.8291760E+02
  50 0.8308945E+02
  32 0.8291240E+02
   6 0.6967279E+02
   1 0.8357375E+02
   2 0.8364507E+02
  33 0.8335850E+02
  56 0.8301103E+02
  48 0.8341295E+02
  31 0.8323112E+02
  26 0.8306845E+02
  24 0.8382183E+02
  10 0.8302744E+02
  63 0.8319446E+02
  36 0.8296767E+02
  39 0.8302418E+02
  42 0.8382515E+02
   5 0.8377052E+02
  15 0.8334757E+02
  30 0.8333745E+02
  62 0.8336888E+02
   4 0.8315631E+02
   3 0.8369263E+02
  45 0.8388841E+02
  38 0.8331891E+02
  54 0.8310812E+02
  55 0.8339661E+02
  16 0.8341671E+02
  29 0.8378245E+02
  46 0.8372820E+02
  47 0.8326529E+02
  21 0.8282745E+02
   8 0.8379567E+02
  12 0.8339063E+02
  44 0.8335485E+02
  58 0.8316644E+02
  53 0.8326384E+02
   9 0.8351974E+02
  20 0.8299883E+02
  41 0.8344366E+02
  25 0.8284983E+02
  51 0.8368051E+02
  17 0.8328376E+02
  19 0.8341357E+02
  49 0.8366944E+02
  28 0.8332279E+02
  60 0.8294377E+02
  59 0.8340555E+02
  14 0.8376731E+02
  43 0.8351245E+02
  40 0.8386049E+02
  23 0.8400877E+02
  11 0.8295180E+02
  35 0.8313831E+02
  18 0.8352842E+02
  63 0.4674619E+02
  96 0.6878967E+02
  78 0.3734515E+02
  22 0.6860488E+02
  95 0.7587218E+02
  56 0.8416556E+02
  85 0.8383567E+02
  37 0.8389217E+02
 106 0.5339486E+02
 112 0.8297434E+02
 107 0.8362151E+02
  73 0.8399466E+02
 116 0.8385061E+02
  52 0.8350464E+02
  13 0.8383718E+02
  51 0.1995749E+02
  39 0.8364655E+02
  19 0.8318839E+02
 123 0.8335065E+02
  38 0.8336959E+02
   9 0.8358238E+02
  28 0.7467050E+02
  49 0.8362115E+02
  45 0.8334936E+02
  93 0.8244857E+02
  58 0.8357175E+02
 124 0.4624297E+02
  29 0.8340459E+02
   2 0.8353993E+02
  62 0.8251394E+02
  66 0.8347739E+02
  80 0.8377156E+02
  68 0.8260290E+02
   3 0.8340765E+02
  81 0.8288173E+02
  35 0.8370494E+02
 119 0.8290772E+02
  10 0.8362625E+02
  97 0.8392397E+02
 126 0.8306207E+02
  15 0.8372838E+02
  36 0.8346661E+02
  54 0.8336806E+02
 102 0.8349217E+02
  17 0.8306085E+02
   6 0.8327756E+02
 105 0.8296857E+02
  89 0.8268387E+02
  23 0.8350333E+02
  87 0.8362411E+02
  92 0.8328291E+02
 113 0.8338296E+02
  99 0.8338856E+02
  11 0.8258650E+02
 122 0.8397192E+02
  32 0.8321596E+02
  79 0.8314701E+02
 109 0.8272704E+02
 114 0.8262181E+02
   1 0.8285864E+02
  86 0.8215272E+02
  40 0.8250761E+02
 108 0.8213947E+02
  75 0.8296517E+02
  57 0.8283528E+02
  64 0.8298722E+02
  44 0.8329501E+02
 104 0.8342390E+02
  27 0.8344259E+02
   8 0.8310308E+02
 125 0.8288282E+02
  69 0.8239586E+02
  30 0.8258422E+02
  94 0.8249481E+02
  20 0.8309648E+02
  55 0.8296181E+02
  46 0.8375006E+02
  31 0.8339382E+02
 121 0.8253777E+02
  98 0.8256568E+02
  65 0.8306447E+02
   7 0.8296739E+02
  24 0.8338709E+02
  90 0.8373022E+02
  83 0.8358630E+02
 110 0.8335128E+02
  74 0.8294041E+02
  53 0.8341489E+02
  43 0.8352562E+02
  84 0.8320870E+02
  26 0.8344439E+02
  33 0.8295724E+02
  70 0.8344862E+02
 100 0.8355577E+02
  18 0.8331535E+02
  48 0.8326964E+02
  12 0.8357481E+02
  21 0.8333165E+02
 115 0.8352821E+02
  67 0.8332011E+02
  71 0.8348675E+02
 101 0.8312511E+02
  14 0.8317456E+02
  60 0.8335857E+02
  72 0.8315424E+02
  77 0.8352852E+02
  63 0.8347509E+02
  88 0.8381264E+02
  61 0.8267546E+02
  82 0.8375773E+02
   4 0.8375345E+02
  34 0.8320351E+02
   5 0.8318455E+02
 111 0.8320281E+02
  91 0.8378697E+02
  47 0.8317716E+02
  41 0.8351655E+02
 120 0.8317407E+02
  16 0.8362257E+02
  25 0.8339610E+02
  76 0.8328293E+02
 127 0.8335759E+02
 117 0.8361192E+02
  42 0.8348518E+02
  59 0.8338268E+02
 118 0.8314157E+02
  50 0.8367528E+02
 103 0.8366567E+02
