   1 0.6351203E+02
   1 0.6311265E+02
   1 0.6290765E+02
   1 0.6339332E+02
   1 0.6373300E+02
   1 0.6271291E+02
   1 0.6285514E+02
   1 0.6300737E+02
   1 0.6252280E+02
   1 0.6300510E+02
   1 0.6293990E+02
   1 0.6311018E+02
   1 0.6278694E+02
   1 0.6305325E+02
   1 0.6244652E+02
   1 0.6307202E+02
   1 0.6377568E+02
   1 0.6312206E+02
   1 0.6321959E+02
   1 0.6285520E+02
   1 0.6322450E+02
   1 0.6288085E+02
   1 0.6353604E+02
   1 0.6309193E+02
   1 0.6227498E+02
   1 0.6304105E+02
   1 0.6282073E+02
   1 0.6258738E+02
   1 0.6265861E+02
   1 0.6246976E+02
   1 0.6268199E+02
   1 0.6219227E+02
   1 0.6234848E+02
   1 0.6341743E+02
   1 0.6283211E+02
   1 0.6309943E+02
   1 0.6302131E+02
   1 0.6240729E+02
   1 0.6291462E+02
   1 0.6341410E+02
   1 0.6377929E+02
   1 0.6277324E+02
   1 0.6214028E+02
   1 0.6380195E+02
   1 0.6330187E+02
   1 0.6371703E+02
   1 0.6217511E+02
   1 0.6300428E+02
   1 0.6327694E+02
   1 0.6305842E+02
   1 0.6353361E+02
   1 0.6235969E+02
   1 0.6244330E+02
   1 0.6297514E+02
   1 0.6213765E+02
   1 0.6348672E+02
   1 0.3043049E+02
   1 0.6292044E+02
   1 0.6344180E+02
   1 0.6245081E+02
   1 0.6293945E+02
   1 0.6305249E+02
   1 0.6284415E+02
   1 0.6306962E+02
   1 0.6266750E+02
   1 0.6302778E+02
   1 0.6307429E+02
   1 0.6267965E+02
   1 0.6262286E+02
   1 0.6253617E+02
   1 0.6336758E+02
   1 0.6315028E+02
   1 0.6264595E+02
   1 0.6350069E+02
   1 0.6294533E+02
   1 0.6378442E+02
   1 0.6320096E+02
   1 0.6205629E+02
   1 0.6279397E+02
   1 0.6275932E+02
   1 0.6315574E+02
   1 0.6305248E+02
   1 0.6314907E+02
   1 0.6254707E+02
   1 0.6303743E+02
   1 0.6319288E+02
   1 0.6236121E+02
   1 0.6299995E+02
   1 0.6259558E+02
   1 0.6264277E+02
   1 0.6261859E+02
   1 0.6293031E+02
   1 0.6366828E+02
   1 0.4160741E+02
   1 0.6219016E+02
   1 0.6273248E+02
   1 0.6251131E+02
   1 0.6279969E+02
   1 0.6309124E+02
   1 0.6320837E+02
   1 0.4369344E+02
   1 0.6272487E+02
   1 0.6314987E+02
   1 0.6322191E+02
   1 0.6386263E+02
   1 0.6328000E+02
   1 0.6288163E+02
   1 0.6341017E+02
   1 0.6210032E+02
   1 0.6243704E+02
   1 0.6304887E+02
   1 0.6303895E+02
   1 0.6332839E+02
   1 0.6288698E+02
   1 0.6270256E+02
   1 0.6286942E+02
   1 0.5614260E+02
   1 0.6306645E+02
   1 0.6278463E+02
   1 0.6248139E+02
   1 0.6294917E+02
   1 0.6281777E+02
   1 0.6281436E+02
   1 0.6373791E+02
   1 0.6279486E+02
   1 0.6280526E+02
   1 0.6303588E+02
   1 0.6246644E+02
   1 0.1894209E+02
   1 0.6303593E+02
   1 0.6286273E+02
   1 0.6287840E+02
   1 0.6265884E+02
   1 0.6269198E+02
   1 0.6293453E+02
   1 0.6295674E+02
   1 0.6216502E+02
   1 0.6186711E+02
   1 0.6396701E+02
   1 0.6307135E+02
   1 0.6294163E+02
   1 0.6332168E+02
   1 0.6324422E+02
   1 0.6325451E+02
   1 0.6345805E+02
   1 0.6299975E+02
   1 0.6299262E+02
   1 0.5666099E+02
   1 0.6283826E+02
   1 0.6247768E+02
   1 0.6346535E+02
   1 0.6279189E+02
   1 0.6296864E+02
   1 0.6330523E+02
   1 0.6272202E+02
   1 0.6291960E+02
   1 0.6302351E+02
   1 0.6259302E+02
   1 0.6259297E+02
   1 0.6302724E+02
   1 0.6287639E+02
   1 0.6331594E+02
   1 0.6223651E+02
   1 0.6330198E+02
   1 0.6256679E+02
   1 0.6376944E+02
   1 0.6307217E+02
   1 0.6325535E+02
   1 0.6221899E+02
   1 0.6312635E+02
   1 0.6266505E+02
   1 0.6286490E+02
   1 0.6261206E+02
   1 0.6280820E+02
   1 0.6258183E+02
   1 0.6407586E+02
   1 0.6392504E+02
   1 0.6292429E+02
   1 0.6272144E+02
   1 0.6364011E+02
   1 0.6342230E+02
   1 0.6307532E+02
   1 0.6273835E+02
   1 0.6194664E+02
   1 0.6297733E+02
   1 0.6280183E+02
   1 0.6315929E+02
   1 0.6295933E+02
   1 0.6234575E+02
   1 0.6333640E+02
   1 0.6274242E+02
   1 0.6329605E+02
   1 0.6266630E+02
   1 0.6278848E+02
   1 0.6333905E+02
   1 0.6286309E+02
   1 0.6292507E+02
   1 0.6385706E+02
   1 0.6274291E+02
   1 0.6188457E+02
   1 0.6282134E+02
   1 0.6207647E+02
   1 0.6301551E+02
   1 0.6250439E+02
   1 0.6224344E+02
   1 0.6258046E+02
   1 0.6327038E+02
   1 0.6234105E+02
   1 0.6258877E+02
   1 0.6338208E+02
   1 0.6296015E+02
   1 0.6300299E+02
   1 0.6279364E+02
   1 0.6316637E+02
   1 0.6330776E+02
   1 0.6299299E+02
   1 0.6344698E+02
   1 0.6277255E+02
   1 0.6282486E+02
   1 0.6338695E+02
   1 0.6221085E+02
   1 0.6333072E+02
   1 0.6376869E+02
   1 0.6331571E+02
   1 0.6381768E+02
   1 0.6326487E+02
   1 0.6234284E+02
   1 0.6304126E+02
   1 0.6236801E+02
   1 0.6256719E+02
   1 0.6277251E+02
   1 0.6310743E+02
   1 0.6355979E+02
   1 0.6228332E+02
   1 0.6246083E+02
   1 0.6227762E+02
   1 0.6337463E+02
   1 0.5887897E+02
   1 0.6277584E+02
   1 0.6284976E+02
   1 0.6226943E+02
   1 0.6308094E+02
   1 0.6252402E+02
   1 0.6318566E+02
   1 0.6335676E+02
   1 0.6248767E+02
   1 0.6253942E+02
   1 0.6018308E+02
   1 0.6313707E+02
   1 0.3358090E+02
   1 0.6251304E+02
   1 0.6323043E+02
   1 0.6303598E+02
   1 0.6256086E+02
   1 0.6250223E+02
   1 0.6260526E+02
   1 0.6278986E+02
   1 0.6212790E+02
   1 0.6323723E+02
   1 0.6326868E+02
   1 0.6261939E+02
   1 0.6190903E+02
   1 0.6294943E+02
   1 0.6275820E+02
   1 0.6218865E+02
   1 0.6270922E+02
   1 0.6146699E+02
   1 0.6288470E+02
   1 0.6303952E+02
   1 0.6252524E+02
   1 0.6218500E+02
   1 0.6272292E+02
   1 0.6268881E+02
   1 0.6283621E+02
   1 0.6266262E+02
   1 0.6286076E+02
   1 0.6282399E+02
   1 0.6344550E+02
   1 0.6272154E+02
   1 0.6319777E+02
   1 0.6250242E+02
   1 0.6248645E+02
   1 0.6304276E+02
   1 0.6322780E+02
   1 0.6293529E+02
   1 0.6359049E+02
   1 0.6284316E+02
   1 0.6237903E+02
   1 0.6318327E+02
   1 0.6285427E+02
   1 0.6316506E+02
   1 0.6275512E+02
   1 0.6237490E+02
   1 0.6374673E+02
   1 0.6249187E+02
   1 0.6298006E+02
   1 0.6314899E+02
   1 0.6301568E+02
   1 0.6292561E+02
   1 0.6239061E+02
   1 0.6318779E+02
   1 0.6330478E+02
   1 0.6299713E+02
   1 0.6342036E+02
   1 0.4305605E+01
   1 0.6237335E+02
   1 0.6243459E+02
   1 0.6289262E+02
   1 0.6243951E+02
   1 0.6287827E+02
   1 0.6271763E+02
   1 0.6204286E+02
   1 0.6300335E+02
   1 0.6357066E+02
   1 0.6257994E+02
   1 0.6312712E+02
   1 0.6332274E+02
   1 0.6288264E+02
   1 0.6318036E+02
   1 0.6333477E+02
   1 0.6279021E+02
   1 0.6247813E+02
   1 0.6250461E+02
   1 0.6291453E+02
   1 0.6208264E+02
   1 0.6239395E+02
   1 0.6292988E+02
   1 0.6290897E+02
   1 0.6345179E+02
   1 0.6303740E+02
   1 0.6265950E+02
   1 0.6260847E+02
   1 0.6315503E+02
   1 0.6246703E+02
   1 0.6350067E+02
   1 0.5848344E+02
   1 0.6297720E+02
   1 0.6263230E+02
   1 0.6284384E+02
   1 0.4666396E+02
   1 0.6283150E+02
   1 0.6290306E+02
   1 0.6218582E+02
   1 0.6242791E+02
   1 0.6255283E+02
   1 0.6355965E+02
   1 0.6302176E+02
   1 0.6244256E+02
   1 0.6252259E+02
   1 0.6307395E+02
   1 0.6259071E+02
   1 0.5534604E+02
   1 0.6312966E+02
   1 0.6303684E+02
   1 0.6301661E+02
   1 0.6257127E+02
   1 0.6313609E+02
   1 0.6233934E+02
   1 0.6338538E+02
   1 0.6185935E+02
   1 0.6297908E+02
   1 0.6268358E+02
   1 0.6275501E+02
   1 0.6323249E+02
   1 0.6369022E+02
   1 0.6350746E+02
   1 0.6300840E+02
   1 0.6365771E+02
   1 0.6257847E+02
   1 0.6313694E+02
   1 0.6186454E+02
   1 0.6258313E+02
   1 0.6212585E+02
   1 0.6256840E+02
   1 0.6320662E+02
   1 0.6279688E+02
   1 0.6273963E+02
   1 0.6339368E+02
   1 0.6262396E+02
   1 0.6251083E+02
   1 0.6302540E+02
   1 0.5684130E+02
   1 0.6304863E+02
   1 0.6233662E+02
   1 0.6316174E+02
   1 0.6319518E+02
   1 0.6325548E+02
   1 0.6302622E+02
   1 0.6301257E+02
   1 0.6286419E+02
   1 0.6347811E+02
   1 0.6223908E+02
   1 0.6271169E+02
   1 0.6257135E+02
   1 0.6313036E+02
   1 0.6286326E+02
   1 0.6316424E+02
   1 0.6278900E+02
   1 0.6265788E+02
   1 0.3524802E+02
   1 0.6273773E+02
   1 0.6273480E+02
   1 0.6302783E+02
   1 0.6299992E+02
   1 0.6240338E+02
   1 0.6274420E+02
   1 0.6283232E+02
   1 0.6314718E+02
   1 0.6290412E+02
   1 0.6263466E+02
   1 0.6258800E+02
   1 0.6306918E+02
   1 0.6271726E+02
   1 0.4798849E+02
   1 0.6307367E+02
   1 0.6298597E+02
   1 0.6210490E+02
   1 0.6213397E+02
   1 0.6368956E+02
   1 0.6268167E+02
   1 0.6293594E+02
   1 0.5069588E+02
   1 0.6259124E+02
   1 0.6262795E+02
   1 0.6243097E+02
   1 0.6267941E+02
   1 0.6257838E+02
   1 0.6258957E+02
   1 0.6313276E+02
   1 0.6272843E+02
   1 0.6316230E+02
   1 0.6315814E+02
   1 0.6299745E+02
   1 0.6302360E+02
   1 0.6322141E+02
   1 0.6340633E+02
   1 0.6285437E+02
   1 0.6286126E+02
   1 0.6392114E+02
   1 0.6235155E+02
   1 0.6354444E+02
   1 0.6280536E+02
   1 0.6313143E+02
   1 0.6232288E+02
   1 0.6308414E+02
   1 0.6229912E+02
   1 0.6294083E+02
   1 0.6191683E+02
   1 0.6272394E+02
   1 0.6208482E+02
   1 0.6296870E+02
   1 0.6302773E+02
   1 0.6257271E+02
   1 0.6286927E+02
   1 0.6244779E+02
   1 0.6324154E+02
   1 0.6238220E+02
   1 0.6328795E+02
   1 0.6201593E+02
   1 0.6346006E+02
   1 0.6280449E+02
   1 0.6324234E+02
   1 0.4533904E+02
   1 0.6358262E+02
   1 0.6254559E+02
   1 0.6338722E+02
   1 0.6206254E+02
   1 0.6278115E+02
   1 0.4121361E+02
   1 0.4842312E+02
   1 0.6277986E+02
   1 0.6315020E+02
   1 0.6324288E+02
   1 0.6326176E+02
   1 0.6360329E+02
   1 0.6246660E+02
   1 0.6256602E+02
   1 0.6306055E+02
   1 0.6236290E+02
   1 0.6310798E+02
   1 0.6316721E+02
   1 0.6285067E+02
   1 0.6252527E+02
   1 0.6300357E+02
   1 0.6313264E+02
   1 0.6286408E+02
   1 0.6290728E+02
   1 0.6303177E+02
   1 0.6262305E+02
   1 0.5576130E+02
   1 0.6310273E+02
   1 0.3462431E+02
   1 0.6303126E+02
   1 0.6300747E+02
   1 0.6290758E+02
   1 0.6251893E+02
   1 0.6280439E+02
   1 0.6290679E+02
   1 0.6285780E+02
   1 0.6231890E+02
   1 0.6262089E+02
   1 0.6517836E+01
   1 0.6321119E+02
   1 0.6296198E+02
   1 0.6205778E+02
   1 0.6302933E+02
   1 0.6265786E+02
   1 0.6272861E+02
   1 0.6214894E+02
   1 0.6300297E+02
   1 0.6320055E+02
   1 0.6272569E+02
   1 0.6304292E+02
   3 0.6301404E+02
   2 0.6271323E+02
   1 0.6329840E+02
   1 0.6325799E+02
   1 0.6214565E+02
   3 0.6280254E+02
   2 0.6257523E+02
   3 0.6312022E+02
   2 0.6255173E+02
   3 0.6308284E+02
   1 0.6344406E+02
   3 0.6284471E+02
   3 0.6327756E+02
   2 0.6267861E+02
   2 0.6262698E+02
   1 0.6348156E+02
   2 0.4003015E+02
   3 0.6292722E+02
   2 0.6316067E+02
   3 0.6283689E+02
   2 0.6385159E+02
   3 0.6356061E+02
   2 0.6305534E+02
   2 0.6308623E+02
   3 0.6228796E+02
   1 0.6253288E+02
   3 0.6318237E+02
   2 0.6285132E+02
   2 0.6352312E+02
   1 0.6316471E+02
   3 0.6349222E+02
   3 0.4679070E+02
   1 0.6271638E+02
   1 0.6340049E+02
   2 0.6295399E+02
   3 0.6322125E+02
   1 0.6320654E+02
   3 0.6208099E+02
   2 0.6211745E+02
   2 0.6262496E+02
   1 0.6305579E+02
   3 0.6287845E+02
   1 0.6294563E+02
   2 0.6287816E+02
   3 0.6338604E+02
   1 0.6314460E+02
   3 0.6230410E+02
   2 0.6267140E+02
   1 0.6274721E+02
   3 0.6315074E+02
   3 0.6268333E+02
   2 0.6263999E+02
   3 0.6393230E+02
   1 0.6308072E+02
   1 0.6243579E+02
   2 0.6293643E+02
   3 0.6303624E+02
   2 0.6271284E+02
   1 0.6320300E+02
   3 0.6293234E+02
   2 0.6338443E+02
   1 0.6266531E+02
   3 0.6268687E+02
   2 0.6304646E+02
   1 0.6319402E+02
   1 0.6277859E+02
   3 0.6262108E+02
   3 0.6260741E+02
   2 0.6290742E+02
   2 0.6232171E+02
   2 0.4201012E+02
   1 0.6269526E+02
   1 0.6295903E+02
   3 0.6310117E+02
   2 0.6315249E+02
   1 0.6292501E+02
   3 0.6285881E+02
   3 0.3206907E+02
   2 0.6328506E+02
   2 0.6332895E+02
   2 0.6299151E+02
   1 0.6321757E+02
   3 0.6313817E+02
   3 0.6314670E+02
   2 0.6292426E+02
   1 0.6325654E+02
   1 0.6284065E+02
   1 0.6333650E+02
   3 0.6321498E+02
   1 0.6372083E+02
   1 0.6324454E+02
   1 0.6278005E+02
   2 0.6274459E+02
   1 0.6234661E+02
   2 0.6305646E+02
   3 0.6276281E+02
   3 0.6334740E+02
   1 0.6273927E+02
   2 0.6290032E+02
   1 0.6148630E+02
   1 0.6256632E+02
   3 0.6284957E+02
   2 0.6211908E+02
   1 0.6304879E+02
   3 0.6257769E+02
   1 0.6278987E+02
   2 0.6290539E+02
   2 0.6305672E+02
   2 0.6317818E+02
   3 0.6302107E+02
   3 0.6285488E+02
   1 0.6316676E+02
   1 0.6263353E+02
   2 0.6259691E+02
   2 0.6378334E+02
   3 0.6314666E+02
   3 0.6378186E+02
   1 0.6290280E+02
   2 0.6233012E+02
   2 0.6220675E+02
   3 0.6295161E+02
   1 0.6273278E+02
   2 0.6276082E+02
   2 0.6309335E+02
   1 0.6252762E+02
   2 0.6267758E+02
   3 0.6297458E+02
   3 0.6275632E+02
   1 0.6267571E+02
   2 0.6273220E+02
   1 0.6171320E+02
   2 0.6338715E+02
   2 0.6091699E+02
   2 0.6189950E+02
   3 0.6268996E+02
   3 0.6269165E+02
   1 0.6289480E+02
   1 0.6231250E+02
   2 0.6274555E+02
   1 0.6271950E+02
   3 0.6347224E+02
   3 0.6308553E+02
   3 0.6288106E+02
   3 0.6324990E+02
   2 0.6300005E+02
   1 0.6267480E+02
   3 0.6198899E+02
   1 0.6406533E+02
   3 0.6195340E+02
   2 0.6251937E+02
   2 0.6372330E+02
   1 0.6261544E+02
   2 0.6271413E+02
   2 0.6207955E+02
   2 0.6279809E+02
   2 0.6334501E+02
   3 0.6274811E+02
   2 0.6256695E+02
   1 0.6318578E+02
   2 0.6274805E+02
   2 0.6294679E+02
   3 0.6256085E+02
   3 0.6379187E+02
   1 0.6267484E+02
   1 0.6320497E+02
   2 0.6254336E+02
   1 0.6252631E+02
   2 0.6214205E+02
   2 0.6255497E+02
   3 0.6241310E+02
   2 0.6312307E+02
   2 0.6292361E+02
   3 0.6222937E+02
   2 0.6304019E+02
   1 0.6307963E+02
   2 0.6302114E+02
   3 0.6287184E+02
   1 0.6324957E+02
   2 0.6289663E+02
   3 0.6273772E+02
   1 0.6229065E+02
   1 0.4618108E+02
   2 0.6243978E+02
   2 0.6286824E+02
   2 0.6308994E+02
   2 0.6375679E+02
   3 0.6309545E+02
   2 0.6342628E+02
   2 0.6417894E+02
   1 0.6269617E+02
   1 0.1429815E+02
   1 0.6232407E+02
   1 0.6345285E+02
   3 0.6318753E+02
   1 0.6321300E+02
   1 0.6309618E+02
   2 0.6261957E+02
   1 0.6268669E+02
   1 0.4694981E+02
   3 0.6266059E+02
   2 0.6323007E+02
   2 0.6335151E+02
   1 0.6286198E+02
   3 0.6297335E+02
   3 0.6286024E+02
   3 0.6334496E+02
   2 0.6265380E+02
   1 0.6281034E+02
   2 0.6297852E+02
   3 0.6237658E+02
   1 0.6233324E+02
   2 0.6268310E+02
   1 0.6316449E+02
   3 0.6273543E+02
   3 0.6305906E+02
   2 0.6287335E+02
   1 0.6328830E+02
   2 0.2943628E+02
   1 0.6229323E+02
   1 0.6378359E+02
   1 0.6295155E+02
   3 0.6300107E+02
   2 0.6288715E+02
   1 0.6291502E+02
   3 0.6370358E+02
   1 0.6338591E+02
   1 0.6326493E+02
   2 0.6314123E+02
   2 0.6256773E+02
   3 0.6310169E+02
   3 0.6347897E+02
   1 0.6296684E+02
   1 0.6297659E+02
   1 0.6333061E+02
   2 0.6292264E+02
   1 0.6279652E+02
   1 0.6255256E+02
   3 0.6339903E+02
   1 0.6180920E+02
   2 0.6268549E+02
   2 0.6174179E+02
   2 0.6233824E+02
   1 0.6285049E+02
   3 0.6233220E+02
   2 0.6215284E+02
   1 0.6297266E+02
   3 0.6301933E+02
   3 0.6380918E+02
   3 0.6245871E+02
   2 0.6289862E+02
   2 0.6225889E+02
   1 0.6275232E+02
   3 0.6271191E+02
   2 0.6274366E+02
   1 0.6305120E+02
   2 0.6294426E+02
   2 0.6241414E+02
   3 0.6320522E+02
   3 0.6217317E+02
   1 0.6248450E+02
   1 0.6254984E+02
   2 0.6252627E+02
   2 0.6233360E+02
   2 0.6229012E+02
   3 0.6303806E+02
   2 0.6346757E+02
   3 0.6313831E+02
   2 0.4418940E+02
   1 0.6301807E+02
   2 0.6260633E+02
   3 0.6274719E+02
   3 0.2446683E+02
   1 0.6291597E+02
   2 0.6295398E+02
   2 0.6350673E+02
   3 0.6300383E+02
   1 0.6304395E+02
   1 0.6297392E+02
   2 0.6359769E+02
   1 0.6234982E+02
   2 0.6245120E+02
   3 0.6259064E+02
   1 0.6289952E+02
   2 0.6295179E+02
   3 0.6253798E+02
   3 0.6225253E+02
   3 0.6323506E+02
   3 0.6302275E+02
   1 0.6289471E+02
   2 0.6293969E+02
   3 0.6297283E+02
   1 0.6355416E+02
   1 0.8652186E+01
   2 0.6233257E+02
   3 0.6302019E+02
   1 0.6353189E+02
   2 0.6399783E+02
   3 0.6220495E+02
   1 0.6325460E+02
   2 0.6310676E+02
   1 0.6303294E+02
   3 0.6308916E+02
   2 0.6292537E+02
   1 0.6232311E+02
   1 0.6329702E+02
   3 0.6302678E+02
   2 0.6256884E+02
   1 0.6298753E+02
   3 0.6277207E+02
   2 0.6251588E+02
   2 0.6232164E+02
   1 0.6249491E+02
   1 0.6342528E+02
   2 0.6313839E+02
   1 0.6269247E+02
   2 0.6238160E+02
   1 0.6294847E+02
   2 0.6186063E+02
   1 0.6275987E+02
   3 0.6302660E+02
   1 0.6266127E+02
   1 0.6000584E+02
   2 0.6294069E+02
   3 0.6290391E+02
   2 0.6332242E+02
   2 0.6296423E+02
   1 0.6328989E+02
   1 0.6321098E+02
   1 0.6442971E+02
   2 0.6208900E+02
   2 0.6275971E+02
   1 0.6305017E+02
   1 0.2639660E+02
   3 0.6274986E+02
   2 0.6293709E+02
   1 0.6306512E+02
   2 0.6310940E+02
   1 0.6238428E+02
   2 0.3958802E+02
   1 0.6227744E+02
   3 0.6336259E+02
   3 0.5867089E+02
   2 0.6311632E+02
   3 0.6305844E+02
   1 0.6321332E+02
   2 0.6296353E+02
   2 0.6402379E+02
   2 0.6355844E+02
   3 0.6294025E+02
   1 0.6304471E+02
   1 0.6236456E+02
   1 0.6252905E+02
   2 0.6267859E+02
   2 0.6346893E+02
   1 0.6257169E+02
   2 0.2669087E+02
   1 0.6252677E+02
   3 0.6282816E+02
   2 0.6363005E+02
   1 0.6362972E+02
   3 0.6262673E+02
   1 0.6278011E+02
   3 0.6310182E+02
   2 0.6303981E+02
   2 0.6277116E+02
   1 0.6316086E+02
   3 0.6293557E+02
   1 0.6303699E+02
   1 0.6301759E+02
   3 0.6299291E+02
   1 0.5390187E+02
   2 0.6325039E+02
   3 0.6308802E+02
   1 0.6301803E+02
   1 0.6307664E+02
   2 0.6234502E+02
   3 0.6251677E+02
   3 0.6350627E+02
   1 0.6307589E+02
   1 0.6302311E+02
   3 0.6216335E+02
   2 0.6300496E+02
   2 0.6221561E+02
   1 0.6266632E+02
   3 0.6343345E+02
   3 0.6361729E+02
   2 0.6265778E+02
   3 0.6268851E+02
   1 0.6340029E+02
   2 0.6315743E+02
   3 0.6285476E+02
   2 0.6362012E+02
   2 0.6273158E+02
   1 0.6257168E+02
   2 0.6325911E+02
   1 0.6258979E+02
   2 0.6307368E+02
   3 0.6239214E+02
   2 0.6286842E+02
   1 0.6189956E+02
   2 0.6319726E+02
   1 0.6209474E+02
   3 0.6246006E+02
   1 0.6178061E+02
   2 0.6296924E+02
   2 0.6258128E+02
   3 0.6272795E+02
   1 0.6271020E+02
   1 0.6222793E+02
   2 0.6277591E+02
   3 0.6333117E+02
   1 0.6277571E+02
   2 0.6273912E+02
   3 0.6268400E+02
   1 0.6282302E+02
   2 0.6250897E+02
   2 0.5162978E+02
   3 0.6245672E+02
   1 0.6250134E+02
   2 0.6272902E+02
   2 0.6334705E+02
   2 0.6287298E+02
   2 0.6305040E+02
   3 0.6282512E+02
   1 0.6253156E+02
   1 0.6274454E+02
   2 0.6287266E+02
   3 0.6313860E+02
   3 0.6215428E+02
   1 0.6280595E+02
   3 0.6295751E+02
   2 0.6339508E+02
   2 0.6323688E+02
   1 0.6255663E+02
   3 0.6272448E+02
   1 0.6319424E+02
   3 0.6195709E+02
   3 0.6344024E+02
   2 0.6303050E+02
   1 0.6306173E+02
   3 0.6254818E+02
   2 0.6337321E+02
   1 0.6295450E+02
   3 0.6308067E+02
   2 0.6236570E+02
   3 0.6279592E+02
   2 0.3241394E+02
   3 0.6256960E+02
   2 0.6236441E+02
   1 0.6284661E+02
   3 0.6259331E+02
   1 0.6336550E+02
   2 0.6294967E+02
   2 0.6397004E+02
   1 0.6230163E+02
   1 0.6350235E+02
   1 0.6192278E+02
   1 0.6274079E+02
   1 0.5755378E+02
   3 0.6273520E+02
   1 0.6053474E+02
   3 0.6274268E+02
   2 0.6285940E+02
   2 0.6368026E+02
   1 0.6281145E+02
   2 0.6377442E+02
   2 0.6265382E+02
   1 0.6214256E+02
   3 0.6291453E+02
   2 0.6276285E+02
   1 0.6320204E+02
   3 0.6260545E+02
   1 0.6251057E+02
   2 0.6216841E+02
   2 0.6343164E+02
   2 0.6229291E+02
   3 0.6284135E+02
   2 0.6321768E+02
   3 0.6309505E+02
   1 0.6259105E+02
   2 0.6296289E+02
   3 0.6256947E+02
   1 0.6294242E+02
   1 0.6189239E+02
   2 0.6314764E+02
   3 0.6291846E+02
   2 0.6316574E+02
   3 0.6248924E+02
   2 0.6281384E+02
   1 0.6334469E+02
   1 0.6321422E+02
   1 0.6283302E+02
   3 0.6281576E+02
   2 0.6303926E+02
   2 0.6333409E+02
   1 0.6244970E+02
   1 0.6329250E+02
   1 0.6302734E+02
   3 0.6263724E+02
   2 0.6282173E+02
   2 0.5218425E+02
   2 0.6207692E+02
   1 0.6311507E+02
   3 0.6392660E+02
   1 0.6267314E+02
   3 0.6319717E+02
   2 0.6283043E+02
   1 0.6246830E+02
   3 0.6303237E+02
   1 0.6282172E+02
   2 0.6242824E+02
   5 0.5202340E+02
   7 0.6314583E+02
   5 0.4468409E+02
   2 0.6339753E+02
   1 0.6299220E+02
   5 0.6351195E+02
   3 0.6316175E+02
   2 0.6284614E+02
   3 0.4604178E+02
   7 0.6279755E+02
   6 0.6313393E+02
   4 0.6325138E+02
   7 0.3529127E+02
   6 0.6362349E+02
   7 0.6288571E+02
   1 0.6324435E+02
   6 0.6294927E+02
   2 0.6303436E+02
   5 0.6252729E+02
   2 0.2167970E+02
   7 0.6289136E+02
   3 0.6287449E+02
   6 0.6362733E+02
   7 0.5183416E+02
   2 0.6245051E+02
   4 0.6330518E+02
   1 0.6271827E+02
   6 0.6331255E+02
   7 0.6245911E+02
   6 0.6288015E+02
   5 0.6306604E+02
   3 0.6290239E+02
   2 0.6250780E+02
   4 0.6260405E+02
   3 0.6198245E+02
   7 0.6246395E+02
   2 0.6264484E+02
   2 0.6277530E+02
   3 0.6333198E+02
   1 0.6290233E+02
   3 0.2330778E+02
   6 0.6300866E+02
   5 0.6327853E+02
   1 0.6247691E+02
   7 0.6302069E+02
   4 0.6373792E+02
   7 0.6273666E+02
   6 0.6283345E+02
   3 0.6256424E+02
   2 0.6253466E+02
   1 0.6312499E+02
   5 0.6249962E+02
   4 0.6243738E+02
   7 0.6277295E+02
   1 0.6221077E+02
   6 0.6239982E+02
   5 0.6282415E+02
   3 0.6250167E+02
   4 0.6251943E+02
   2 0.6293803E+02
   4 0.6341005E+02
   7 0.6283777E+02
   1 0.6272788E+02
   2 0.6262519E+02
   6 0.6259381E+02
   7 0.6220342E+02
   1 0.6268924E+02
   3 0.6283293E+02
   5 0.6279140E+02
   6 0.6332571E+02
   1 0.5793191E+02
   4 0.6338287E+02
   1 0.5659777E+02
   2 0.6275392E+02
   7 0.6301935E+02
   4 0.6347193E+02
   1 0.6281530E+02
   2 0.6285237E+02
   5 0.6326905E+02
   3 0.6283425E+02
   1 0.6300646E+02
   4 0.6210088E+02
   3 0.4496112E+02
   5 0.6328579E+02
   6 0.6271573E+02
   1 0.6306853E+02
   7 0.6272575E+02
   3 0.6227196E+02
   7 0.6341166E+02
   2 0.6320451E+02
   4 0.6267362E+02
   3 0.6227505E+02
   2 0.6217070E+02
   7 0.6223977E+02
   3 0.6354757E+02
   1 0.6248165E+02
   5 0.6313723E+02
   6 0.6284982E+02
   1 0.6250101E+02
   4 0.6217015E+02
   7 0.6261051E+02
   3 0.6285286E+02
   6 0.6250667E+02
   1 0.6257674E+02
   2 0.6281843E+02
   5 0.6336238E+02
   3 0.6309487E+02
   4 0.6264913E+02
   3 0.6283886E+02
   7 0.6241787E+02
   1 0.6301694E+02
   2 0.6283795E+02
   3 0.6256031E+02
   6 0.6255798E+02
   5 0.6264457E+02
   1 0.6233881E+02
   2 0.6238479E+02
   4 0.6287073E+02
   1 0.6324129E+02
   7 0.6331614E+02
   5 0.6262827E+02
   3 0.6328455E+02
   4 0.6306167E+02
   6 0.6287783E+02
   5 0.6295127E+02
   3 0.6298031E+02
   2 0.6304986E+02
   7 0.6281382E+02
   3 0.6321683E+02
   1 0.6297515E+02
   5 0.6274985E+02
   7 0.5766814E+02
   1 0.6333577E+02
   2 0.6239968E+02
   3 0.6321329E+02
   7 0.6261608E+02
   4 0.6278340E+02
   3 0.6179942E+02
   6 0.6298936E+02
   3 0.6299228E+02
   7 0.6219998E+02
   5 0.6317563E+02
   1 0.6262670E+02
   2 0.6320561E+02
   7 0.6250133E+02
   1 0.6252874E+02
   7 0.4481157E+02
   4 0.6276586E+02
   7 0.6301014E+02
   6 0.6309110E+02
   3 0.6242749E+02
   1 0.6239615E+02
   4 0.6225879E+02
   3 0.6277699E+02
   1 0.6359249E+02
   4 0.6114479E+02
   5 0.6252778E+02
   2 0.6286382E+02
   1 0.6323164E+02
   7 0.6356979E+02
   1 0.6296342E+02
   6 0.6311511E+02
   5 0.6271215E+02
   7 0.6353194E+02
   3 0.6270354E+02
   1 0.6257624E+02
   7 0.6315711E+02
   2 0.6279864E+02
   3 0.6302086E+02
   4 0.6279678E+02
   3 0.6342920E+02
   3 0.6374477E+02
   4 0.6229271E+02
   5 0.6326282E+02
   6 0.6237973E+02
   3 0.6350914E+02
   1 0.6317882E+02
   7 0.6289763E+02
   1 0.6332462E+02
   2 0.6312423E+02
   3 0.6268077E+02
   4 0.6297953E+02
   3 0.6335185E+02
   5 0.6293072E+02
   6 0.6264443E+02
   4 0.6302903E+02
   7 0.6278796E+02
   2 0.6243083E+02
   1 0.6290247E+02
   7 0.6320841E+02
   3 0.6280764E+02
   2 0.6293077E+02
   5 0.6277821E+02
   4 0.6264521E+02
   3 0.6181357E+02
   6 0.6316889E+02
   5 0.6282498E+02
   1 0.6316999E+02
   7 0.6260349E+02
   3 0.6166931E+02
   2 0.6354656E+02
   4 0.6294322E+02
   2 0.6245413E+02
   1 0.6251847E+02
   6 0.6353844E+02
   5 0.6282769E+02
   7 0.6215405E+02
   3 0.6249800E+02
   4 0.6293061E+02
   3 0.6311764E+02
   4 0.6284396E+02
   2 0.6289906E+02
   1 0.6302703E+02
   5 0.6248740E+02
   4 0.6300424E+02
   3 0.6229967E+02
   6 0.6249200E+02
   7 0.6250569E+02
   4 0.6295669E+02
   4 0.6425500E+02
   1 0.6242604E+02
   2 0.6315530E+02
   7 0.6278910E+02
   5 0.6268736E+02
   3 0.6257916E+02
   2 0.6244024E+02
   4 0.6180211E+02
   5 0.6336972E+02
   6 0.6266752E+02
   5 0.6235190E+02
   3 0.6284592E+02
   1 0.6348325E+02
   7 0.6282451E+02
   4 0.6231342E+02
   2 0.6241530E+02
   6 0.6319328E+02
   5 0.6314704E+02
   1 0.6286124E+02
   3 0.6298114E+02
   7 0.6322945E+02
   4 0.6243970E+02
   2 0.6323065E+02
   6 0.6262872E+02
   7 0.6245767E+02
   5 0.6286086E+02
   4 0.6285130E+02
   2 0.6346027E+02
   5 0.6241292E+02
   3 0.6365925E+02
   1 0.6253493E+02
   7 0.6300104E+02
   1 0.6319958E+02
   4 0.6323897E+02
   6 0.6269665E+02
   2 0.6291074E+02
   1 0.6263157E+02
   5 0.6282498E+02
   4 0.6256759E+02
   3 0.6294511E+02
   2 0.6256497E+02
   7 0.6277088E+02
   5 0.6288153E+02
   3 0.6285227E+02
   7 0.6205838E+02
   2 0.6206595E+02
   5 0.6060476E+02
   6 0.6312944E+02
   1 0.6309812E+02
   7 0.6240091E+02
   4 0.6311523E+02
   3 0.6287626E+02
   2 0.6294942E+02
   5 0.6268749E+02
   3 0.6246958E+02
   7 0.6303818E+02
   6 0.6300658E+02
   1 0.6334154E+02
   3 0.6238785E+02
   6 0.6298677E+02
   2 0.6317167E+02
   4 0.6220721E+02
   7 0.6229550E+02
   4 0.2269681E+02
   5 0.6294243E+02
   2 0.6272406E+02
   4 0.5321690E+02
   1 0.6297589E+02
   7 0.6264850E+02
   3 0.6254510E+02
   3 0.3781640E+02
   4 0.6224709E+02
   6 0.6319506E+02
   7 0.6185523E+02
   2 0.6259555E+02
   3 0.6325750E+02
   5 0.6300706E+02
   4 0.6275195E+02
   6 0.6270478E+02
   7 0.6280562E+02
   1 0.6272954E+02
   5 0.6317380E+02
   3 0.6284358E+02
   7 0.6317647E+02
   3 0.6280947E+02
   1 0.6227932E+02
   5 0.6335173E+02
   2 0.6340689E+02
   4 0.6295709E+02
   1 0.6257579E+02
   3 0.6265263E+02
   7 0.6240280E+02
   1 0.6181297E+02
   6 0.6330385E+02
   4 0.6357325E+02
   2 0.6296041E+02
   5 0.6339467E+02
   5 0.6332697E+02
   6 0.6239986E+02
   2 0.6275531E+02
   1 0.6264506E+02
   3 0.6261298E+02
   5 0.6328949E+02
   2 0.6396025E+02
   4 0.6230947E+02
   7 0.6320672E+02
   3 0.6210170E+02
   6 0.6274902E+02
   5 0.6244301E+02
   1 0.6312668E+02
   7 0.6220915E+02
   2 0.6316330E+02
   1 0.6278193E+02
   7 0.6334416E+02
   7 0.3021817E+02
   3 0.6276189E+02
   4 0.6259739E+02
   1 0.6273487E+02
   6 0.6330554E+02
   4 0.6287805E+02
   5 0.6300446E+02
   1 0.6265568E+02
   2 0.6312245E+02
   7 0.6308200E+02
   3 0.6265720E+02
   6 0.6310488E+02
   3 0.5696488E+02
   4 0.6276588E+02
   6 0.6348605E+02
   5 0.6265771E+02
   2 0.6296652E+02
   3 0.6264985E+02
   1 0.6386973E+02
   2 0.6306053E+02
   7 0.6321129E+02
   1 0.6384649E+02
   3 0.6281596E+02
   4 0.6276902E+02
   7 0.6354749E+02
   6 0.6289509E+02
   3 0.6334981E+02
   5 0.6323971E+02
   7 0.6334102E+02
   3 0.6252672E+02
   5 0.3970166E+02
   6 0.6342443E+02
   2 0.6320602E+02
   7 0.6222584E+02
   5 0.6368412E+02
   1 0.6256369E+02
   2 0.6253959E+02
   4 0.6352746E+02
   1 0.5608268E+02
   1 0.5992430E+02
   3 0.6317287E+02
   6 0.6250178E+02
   1 0.6288723E+02
   5 0.6232123E+02
   1 0.6212057E+02
   7 0.6322803E+02
   2 0.6306309E+02
   4 0.6307874E+02
   5 0.6240731E+02
   3 0.6280920E+02
   6 0.6221385E+02
   4 0.6373865E+02
   5 0.6372853E+02
   1 0.6312909E+02
   2 0.6297491E+02
   5 0.4225535E+02
   7 0.6289273E+02
   5 0.6346451E+02
   3 0.6279648E+02
   6 0.6293801E+02
   4 0.6304433E+02
   3 0.2225648E+02
   5 0.6307755E+02
   1 0.6325711E+02
   5 0.6275026E+02
   2 0.6288215E+02
   7 0.6312412E+02
   2 0.6303325E+02
   2 0.3946202E+02
   5 0.6250422E+02
   3 0.6297511E+02
   7 0.6204378E+02
   6 0.6308425E+02
   4 0.6299393E+02
   7 0.6316951E+02
   1 0.6253176E+02
   4 0.6316210E+02
   2 0.6335082E+02
   7 0.6318873E+02
   1 0.6279390E+02
   5 0.6317091E+02
   3 0.6254903E+02
   6 0.6326879E+02
   3 0.6308872E+02
   4 0.6314892E+02
   2 0.6314618E+02
   1 0.6288711E+02
   7 0.6313206E+02
   4 0.6343534E+02
   5 0.6286811E+02
   2 0.6223182E+02
   7 0.1165940E+02
   1 0.6238029E+02
   6 0.6256378E+02
   5 0.6238451E+02
   3 0.6267415E+02
   3 0.6244639E+02
   4 0.6276075E+02
   2 0.6271952E+02
   7 0.6309199E+02
   1 0.6263743E+02
   6 0.6263502E+02
   5 0.6310649E+02
   3 0.6289436E+02
   4 0.6331596E+02
   7 0.6288960E+02
   2 0.6312069E+02
   6 0.6322084E+02
   7 0.6253059E+02
   5 0.6310822E+02
   1 0.6263967E+02
   3 0.6307087E+02
   5 0.2869756E+02
   7 0.6226925E+02
   6 0.6210040E+02
   4 0.6242358E+02
   7 0.6330283E+02
   2 0.6294585E+02
   2 0.6362444E+02
   7 0.6366083E+02
   7 0.6362284E+02
   1 0.6267400E+02
   4 0.6302391E+02
   2 0.6297074E+02
   3 0.6285529E+02
   5 0.6311449E+02
   4 0.6248860E+02
   1 0.6292003E+02
   6 0.6262361E+02
   1 0.6266081E+02
   7 0.6272721E+02
   6 0.6320791E+02
   2 0.6277606E+02
   6 0.6321401E+02
   3 0.6291601E+02
   7 0.6257164E+02
   5 0.6277727E+02
   2 0.6320450E+02
   4 0.6343020E+02
   3 0.6248893E+02
   1 0.6298486E+02
   2 0.6219259E+02
   4 0.6334197E+02
   1 0.6322687E+02
   7 0.6245979E+02
   2 0.6284909E+02
   6 0.6297954E+02
   1 0.6202573E+02
   5 0.6265312E+02
   3 0.6291760E+02
   2 0.6265647E+02
   4 0.6262888E+02
   2 0.3304648E+02
   7 0.6265894E+02
   6 0.6250641E+02
   1 0.6240581E+02
   7 0.6265462E+02
   1 0.6392344E+02
   5 0.6296929E+02
   3 0.6245189E+02
   4 0.6245621E+02
   2 0.6258549E+02
   5 0.6302474E+02
   6 0.6226000E+02
   4 0.6262444E+02
   7 0.6302052E+02
   2 0.6338622E+02
   4 0.6331885E+02
   6 0.6367657E+02
   2 0.6316362E+02
   4 0.6307409E+02
   2 0.1823209E+02
   1 0.6369419E+02
   3 0.6355143E+02
   6 0.6291586E+02
   2 0.6219650E+02
   5 0.6243815E+02
   7 0.6299523E+02
   4 0.6259380E+02
  12 0.6252635E+02
   8 0.5482405E+02
   4 0.6271872E+02
  15 0.6211875E+02
   9 0.6290162E+02
   6 0.6319781E+02
   3 0.6261283E+02
  15 0.6356044E+02
  12 0.6296893E+02
  13 0.6248160E+02
   7 0.6287506E+02
  11 0.6173978E+02
   8 0.6291420E+02
   9 0.6262820E+02
   4 0.6162096E+02
  15 0.6284115E+02
  12 0.6235645E+02
   8 0.6289720E+02
   1 0.6265824E+02
   6 0.6327901E+02
   3 0.6313817E+02
  11 0.6270507E+02
  15 0.6257896E+02
  10 0.6257551E+02
  13 0.6333151E+02
   2 0.6234556E+02
   4 0.6274951E+02
   1 0.6269511E+02
  12 0.6276288E+02
   9 0.6284377E+02
  14 0.6225089E+02
   8 0.6294027E+02
   6 0.6276039E+02
  15 0.6254676E+02
  10 0.6292049E+02
  14 0.6376335E+02
   5 0.6355025E+02
   1 0.6299993E+02
   4 0.6184989E+02
  12 0.6329293E+02
   8 0.6292231E+02
   3 0.6331807E+02
  15 0.6323804E+02
   6 0.6197146E+02
  14 0.6327852E+02
  12 0.6195112E+02
   1 0.6230743E+02
   7 0.6294898E+02
  13 0.6275902E+02
   9 0.6302543E+02
   3 0.6363787E+02
   8 0.6291829E+02
  10 0.6241853E+02
  12 0.6249725E+02
   6 0.6404988E+02
  13 0.5953795E+02
  15 0.6283431E+02
   1 0.6276325E+02
  10 0.6302690E+02
   4 0.6322118E+02
   8 0.6284775E+02
  11 0.6267307E+02
   5 0.6253849E+02
  15 0.6329161E+02
   4 0.6281722E+02
  10 0.6286159E+02
   1 0.6274034E+02
   2 0.6283188E+02
  15 0.6365149E+02
   5 0.6272886E+02
   8 0.6318728E+02
   9 0.6357903E+02
   3 0.6261803E+02
  10 0.6276846E+02
   2 0.6343727E+02
   6 0.6269844E+02
   4 0.6293464E+02
   1 0.6257666E+02
  13 0.6312436E+02
   5 0.6329573E+02
   8 0.6286670E+02
   4 0.6220420E+02
  12 0.6283168E+02
   7 0.6271296E+02
  15 0.6324202E+02
   8 0.5925565E+02
  14 0.6333517E+02
  13 0.6330568E+02
  12 0.6398053E+02
   5 0.6298812E+02
   4 0.6335174E+02
   3 0.6298307E+02
   4 0.5072879E+01
  10 0.6280817E+02
  15 0.6325976E+02
   6 0.6255335E+02
   3 0.6330875E+02
   5 0.6355835E+02
  10 0.3492491E+02
   8 0.6242124E+02
  11 0.6255732E+02
   4 0.6238512E+02
  12 0.6320741E+02
  10 0.6007821E+02
  13 0.6237092E+02
  15 0.6377384E+02
  14 0.6240532E+02
   9 0.6274818E+02
   3 0.6243599E+02
   5 0.6334303E+02
   1 0.6294027E+02
  12 0.6287956E+02
   4 0.6256615E+02
   8 0.6270337E+02
  11 0.6291794E+02
  15 0.6344633E+02
   9 0.6363862E+02
   2 0.6323105E+02
  13 0.6239798E+02
  10 0.6270356E+02
   6 0.6283489E+02
  12 0.6266820E+02
   4 0.6279662E+02
   5 0.6213895E+02
  11 0.6183302E+02
  13 0.6304436E+02
   6 0.6326008E+02
  12 0.6304905E+02
  15 0.6274997E+02
  10 0.6353392E+02
   7 0.6288947E+02
  12 0.6361099E+02
   5 0.6347703E+02
   3 0.6270493E+02
  13 0.6359280E+02
   8 0.6314474E+02
  15 0.6233286E+02
   4 0.6266028E+02
   2 0.6286357E+02
  11 0.6308673E+02
   8 0.5929983E+02
   3 0.6305237E+02
   5 0.5460086E+02
  15 0.6298854E+02
  12 0.6173277E+02
   4 0.6334529E+02
   6 0.6314220E+02
  11 0.6271968E+02
  14 0.6274616E+02
  10 0.6278941E+02
   7 0.6227419E+02
   5 0.6266497E+02
  15 0.6247977E+02
   8 0.6249597E+02
  12 0.6244347E+02
   4 0.6288500E+02
  11 0.6278615E+02
   1 0.6302209E+02
  15 0.6260991E+02
   9 0.6315200E+02
  13 0.6254787E+02
   7 0.6341605E+02
  11 0.6307888E+02
   3 0.6246304E+02
  15 0.6249402E+02
  12 0.6292942E+02
   6 0.6256498E+02
   9 0.3777583E+02
   4 0.6295211E+02
   5 0.6232747E+02
  10 0.6264254E+02
  11 0.6248661E+02
  15 0.6309623E+02
   5 0.6254744E+02
  12 0.6308415E+02
   4 0.6296714E+02
   2 0.6306688E+02
   7 0.6294833E+02
  14 0.6277053E+02
   8 0.6246135E+02
   8 0.3498131E+02
  15 0.6288749E+02
  11 0.6276597E+02
  12 0.6258359E+02
  13 0.6283475E+02
  15 0.6074057E+02
   3 0.6219667E+02
   4 0.6335509E+02
   6 0.6300404E+02
  10 0.6330653E+02
   3 0.2934497E+02
   5 0.6236167E+02
   7 0.6322904E+02
  12 0.6269625E+02
   8 0.6215443E+02
  11 0.6277884E+02
  15 0.6285163E+02
  10 0.6346061E+02
   4 0.6249209E+02
   1 0.6217607E+02
  11 0.1515210E+02
  10 0.1853529E+02
   3 0.6304104E+02
   7 0.6327922E+02
   9 0.6279591E+02
  13 0.6391764E+02
  12 0.6293341E+02
   4 0.6344399E+02
  12 0.4753920E+02
   5 0.6306238E+02
   6 0.6271831E+02
  11 0.6300259E+02
  15 0.6317199E+02
  13 0.6233006E+02
   1 0.6284824E+02
  11 0.6298378E+02
   8 0.6349782E+02
  10 0.6314800E+02
   4 0.6212154E+02
  15 0.6306227E+02
   2 0.6356224E+02
   3 0.6276486E+02
  14 0.6329331E+02
   5 0.6190937E+02
   9 0.6177157E+02
   1 0.6283426E+02
  12 0.6256872E+02
  11 0.6367297E+02
   5 0.6281320E+02
  15 0.6311919E+02
   6 0.6330058E+02
   4 0.6286509E+02
  14 0.6317742E+02
  13 0.6292864E+02
   9 0.6269841E+02
  10 0.6271754E+02
  15 0.6358610E+02
   3 0.6171659E+02
  11 0.6275747E+02
   8 0.6299418E+02
   4 0.6277115E+02
   3 0.6396588E+02
  10 0.6368998E+02
   5 0.6210302E+02
   9 0.6197175E+02
  14 0.6205339E+02
   6 0.6292930E+02
   4 0.6308965E+02
   3 0.6405208E+02
  15 0.6292829E+02
  11 0.6339529E+02
   7 0.6261234E+02
   7 0.2855912E+02
  13 0.6376002E+02
  10 0.6301338E+02
   9 0.6333918E+02
   8 0.6315499E+02
   4 0.6261656E+02
  15 0.6261859E+02
  11 0.6296950E+02
   1 0.6276937E+02
   9 0.6283845E+02
   2 0.6309609E+02
  12 0.6282254E+02
  15 0.6337084E+02
   5 0.6229472E+02
   6 0.6289149E+02
   4 0.6318938E+02
   3 0.6302694E+02
   2 0.6317383E+02
  11 0.6267681E+02
   8 0.6257910E+02
   9 0.6252489E+02
  13 0.6293466E+02
   3 0.6365023E+02
  10 0.6234739E+02
  15 0.6326915E+02
   5 0.6318178E+02
   9 0.6281783E+02
   2 0.6339901E+02
   4 0.6254451E+02
   8 0.6283063E+02
  11 0.6353084E+02
   6 0.6278155E+02
   9 0.6303857E+02
   4 0.6326700E+02
   9 0.4110400E+02
  14 0.6259886E+02
  15 0.6254816E+02
   3 0.6190016E+02
  10 0.6337160E+02
   5 0.6233653E+02
   1 0.6332333E+02
   4 0.6326669E+02
  13 0.6218851E+02
   7 0.6212091E+02
  15 0.6259213E+02
   6 0.6294186E+02
  14 0.6260308E+02
  11 0.6233864E+02
   8 0.6264782E+02
   9 0.6259980E+02
   4 0.6247722E+02
   1 0.6266511E+02
  11 0.1920972E+02
  10 0.6301521E+02
   1 0.6065894E+02
  12 0.6308669E+02
   8 0.6288536E+02
  15 0.6281938E+02
   3 0.6238818E+02
   6 0.6284616E+02
   9 0.6276769E+02
   4 0.6290493E+02
  13 0.6300696E+02
  11 0.6219750E+02
   1 0.6198540E+02
  13 0.6344477E+02
   2 0.6330821E+02
  15 0.6299539E+02
  10 0.6293632E+02
   9 0.6349272E+02
   4 0.6270697E+02
  12 0.6162138E+02
   9 0.6314627E+02
  11 0.6298441E+02
   2 0.6315293E+02
  10 0.6353392E+02
   5 0.6284468E+02
   8 0.6329500E+02
   9 0.6292293E+02
   3 0.6227492E+02
   1 0.6200926E+02
   4 0.6250556E+02
   2 0.6301612E+02
  15 0.6256789E+02
   9 0.6365094E+02
  13 0.6280389E+02
   3 0.6313991E+02
   5 0.6216549E+02
   8 0.6298150E+02
   7 0.6302036E+02
   6 0.6255317E+02
   2 0.6421869E+02
  14 0.6278453E+02
   1 0.6344194E+02
  10 0.6292500E+02
   4 0.6260327E+02
  11 0.6235548E+02
   9 0.6332463E+02
   7 0.6291242E+02
   1 0.6297381E+02
  15 0.6252445E+02
   5 0.6307201E+02
  13 0.6351843E+02
   4 0.6352873E+02
   9 0.6280469E+02
  10 0.6261467E+02
   1 0.6213575E+02
   5 0.6316095E+02
   3 0.6296525E+02
  10 0.6321124E+02
   4 0.6402180E+02
   8 0.6293124E+02
   6 0.6257391E+02
  12 0.6323711E+02
   5 0.6312140E+02
   9 0.6251850E+02
   1 0.6279607E+02
  10 0.6278661E+02
  13 0.6308965E+02
   8 0.6347557E+02
  12 0.6313280E+02
   4 0.6233250E+02
  15 0.6266366E+02
   9 0.6241609E+02
  10 0.6303439E+02
   1 0.6288518E+02
   3 0.6269243E+02
  14 0.6265292E+02
   2 0.6327623E+02
   6 0.6243997E+02
  13 0.6233885E+02
   9 0.6311542E+02
   8 0.6178347E+02
  11 0.6307989E+02
  10 0.6256033E+02
   1 0.6279268E+02
   7 0.6260270E+02
   2 0.6274279E+02
   9 0.6257252E+02
  14 0.6270851E+02
  10 0.5575716E+02
  11 0.5889865E+02
   1 0.6289720E+02
   8 0.6304875E+02
   4 0.6324365E+02
  13 0.6192891E+02
   3 0.6239200E+02
   9 0.6327872E+02
   6 0.6288807E+02
   4 0.6332259E+02
  10 0.6261219E+02
   9 0.6269300E+02
  11 0.6329536E+02
   1 0.6308467E+02
   2 0.6301526E+02
   7 0.6220732E+02
   3 0.6274073E+02
   5 0.6265188E+02
   9 0.6326936E+02
  10 0.6317305E+02
  12 0.6299339E+02
   8 0.6322849E+02
   4 0.6303118E+02
  13 0.6233420E+02
   1 0.6361289E+02
   9 0.1477371E+01
   6 0.6259785E+02
  10 0.6267505E+02
  15 0.6245508E+02
   4 0.6298199E+02
   3 0.6319280E+02
  10 0.6349434E+02
   7 0.6212130E+02
   1 0.6298535E+02
   9 0.6317855E+02
   8 0.6272390E+02
   2 0.6300285E+02
   6 0.6188179E+02
   4 0.6303348E+02
   3 0.6194635E+02
  10 0.6243576E+02
  14 0.6282950E+02
   8 0.6371082E+02
   1 0.6282944E+02
  15 0.6229981E+02
  10 0.2915509E+02
   9 0.6280131E+02
   4 0.6366309E+02
   6 0.6320044E+02
  11 0.6289956E+02
  12 0.6315715E+02
   1 0.6212009E+02
   2 0.6220733E+02
  10 0.6313846E+02
  11 0.6334145E+02
  12 0.5184112E+02
   9 0.6287681E+02
   5 0.6288616E+02
   2 0.3992446E+02
   4 0.6248493E+02
  13 0.6318490E+02
   3 0.6291726E+02
   1 0.6297236E+02
  11 0.6226462E+02
   7 0.6259899E+02
   8 0.6284643E+02
   9 0.6331365E+02
   1 0.6300896E+02
   6 0.6341717E+02
  11 0.6318577E+02
   9 0.6286881E+02
  11 0.6282871E+02
   1 0.6357332E+02
   6 0.6317924E+02
   4 0.6308795E+02
   1 0.6259118E+02
  14 0.6286354E+02
   3 0.6290532E+02
  15 0.6301620E+02
   4 0.1806094E+02
   8 0.6235969E+02
   9 0.6265094E+02
  11 0.6218005E+02
  10 0.6271715E+02
  12 0.6233396E+02
   1 0.6255268E+02
   9 0.6207700E+02
   8 0.6369214E+02
   5 0.6342383E+02
   4 0.6231043E+02
   7 0.6268172E+02
  11 0.6257724E+02
   2 0.6346699E+02
   1 0.4651601E+02
   4 0.6364462E+02
   6 0.6253575E+02
  11 0.6307753E+02
   9 0.6325028E+02
   8 0.6240290E+02
   3 0.6308333E+02
   1 0.6296198E+02
  15 0.6232877E+02
  13 0.6275699E+02
   3 0.6265181E+02
  12 0.6262977E+02
   9 0.6333102E+02
  11 0.6273337E+02
   1 0.6302419E+02
  15 0.6258406E+02
   4 0.6300845E+02
  14 0.6330705E+02
   6 0.6300286E+02
   8 0.6298221E+02
   2 0.6257643E+02
  10 0.6378700E+02
  13 0.6346625E+02
   5 0.6323622E+02
   7 0.6306621E+02
  12 0.6353967E+02
   3 0.6273674E+02
   4 0.6317157E+02
  15 0.6260492E+02
  31 0.6379513E+02
  23 0.6292260E+02
   2 0.6309369E+02
  17 0.6348740E+02
   8 0.6331651E+02
  21 0.6353461E+02
   5 0.6145110E+02
  19 0.6243856E+02
   9 0.6283798E+02
  31 0.6304241E+02
   7 0.6222290E+02
  28 0.6347790E+02
  16 0.6296134E+02
  17 0.6265147E+02
   5 0.6370742E+02
  19 0.6302598E+02
   8 0.6387157E+02
  16 0.5191225E+02
  18 0.6270764E+02
  30 0.6238012E+02
  29 0.6217940E+02
   3 0.6232827E+02
  19 0.6280444E+02
  21 0.6220048E+02
  24 0.6267627E+02
   5 0.6164187E+02
   8 0.6356103E+02
  15 0.6271231E+02
  25 0.6316237E+02
  29 0.6320694E+02
  17 0.6279541E+02
  20 0.6341638E+02
  24 0.6342254E+02
  31 0.6248779E+02
   5 0.6369428E+02
   9 0.6276208E+02
   8 0.6231910E+02
   6 0.6257186E+02
  18 0.6269864E+02
  19 0.6297071E+02
   1 0.6281552E+02
  13 0.6274334E+02
   5 0.6364638E+02
   9 0.6268597E+02
  12 0.6309782E+02
   3 0.6227483E+02
  16 0.6185625E+02
  30 0.6322937E+02
   7 0.6232208E+02
  27 0.6359089E+02
  30 0.6349167E+02
  22 0.6289124E+02
   9 0.6325612E+02
   4 0.6318548E+02
  14 0.6251540E+02
  29 0.6297330E+02
  21 0.6260211E+02
   3 0.6327023E+02
   2 0.6300117E+02
  26 0.6277626E+02
  10 0.6339285E+02
  19 0.6293671E+02
   3 0.6329284E+02
  28 0.6272665E+02
  31 0.6244376E+02
   7 0.6182442E+02
  19 0.6430932E+02
  24 0.6272586E+02
  11 0.6302711E+02
  30 0.6308268E+02
   5 0.6271241E+02
  21 0.6287666E+02
  27 0.6300947E+02
  16 0.6236124E+02
  18 0.6269367E+02
  20 0.6246036E+02
  19 0.6296301E+02
  12 0.6328524E+02
  15 0.6318561E+02
   8 0.6279834E+02
  26 0.6237161E+02
   6 0.6258976E+02
  25 0.6260546E+02
  17 0.6298676E+02
  21 0.6255792E+02
  25 0.2943719E+02
  28 0.6236478E+02
   9 0.6271154E+02
  27 0.6251306E+02
   4 0.6299635E+02
  31 0.6318372E+02
  28 0.6306515E+02
  23 0.6285251E+02
   7 0.6333986E+02
  24 0.6323544E+02
  21 0.6323430E+02
  31 0.6327607E+02
  18 0.6268514E+02
   8 0.6270453E+02
   5 0.6335271E+02
   9 0.6300287E+02
  23 0.6333922E+02
  10 0.6232283E+02
   2 0.6347312E+02
  13 0.6251448E+02
  22 0.6274414E+02
  11 0.6250381E+02
  23 0.6365417E+02
  29 0.6283739E+02
   7 0.6259007E+02
  13 0.6389684E+02
  24 0.6301339E+02
  18 0.6274747E+02
   9 0.6272875E+02
  27 0.6276104E+02
  13 0.6395220E+02
   2 0.6237108E+02
  30 0.6286372E+02
  14 0.6242764E+02
  29 0.6279816E+02
  23 0.6302173E+02
   1 0.6335862E+02
  21 0.6225423E+02
   3 0.6263317E+02
  13 0.6296775E+02
  31 0.6278779E+02
   7 0.6231772E+02
  17 0.6301221E+02
  19 0.6306055E+02
  30 0.6310948E+02
  21 0.6227971E+02
  26 0.6287141E+02
   6 0.6258219E+02
  23 0.6306680E+02
  12 0.6282013E+02
  10 0.6319897E+02
  18 0.6264399E+02
  24 0.6253753E+02
  15 0.6251973E+02
  21 0.6295934E+02
   5 0.6348026E+02
   2 0.6202596E+02
   5 0.1166115E+02
  30 0.6308754E+02
   9 0.6346006E+02
  29 0.6207144E+02
   7 0.6210665E+02
  23 0.6197245E+02
  28 0.6270320E+02
  19 0.6258410E+02
  11 0.6321090E+02
  16 0.6322935E+02
  15 0.6305154E+02
  26 0.6226759E+02
  23 0.6353844E+02
  31 0.6287225E+02
  18 0.6277536E+02
  12 0.6317213E+02
  27 0.6291160E+02
  24 0.6253035E+02
  31 0.6283276E+02
  20 0.6312350E+02
  21 0.6284258E+02
   9 0.6303081E+02
  23 0.6253247E+02
  14 0.6337766E+02
   4 0.6304907E+02
  29 0.6300571E+02
  26 0.3242421E+02
   3 0.6302050E+02
   5 0.6320226E+02
   8 0.6300981E+02
  19 0.6257645E+02
  25 0.6269999E+02
  27 0.6342429E+02
  20 0.6351006E+02
  30 0.6288210E+02
  28 0.6295007E+02
  21 0.6277771E+02
  13 0.6215975E+02
  10 0.6320022E+02
   2 0.6275252E+02
  24 0.6306306E+02
  22 0.6257937E+02
  19 0.6345745E+02
  18 0.6300189E+02
  16 0.6261057E+02
   1 0.6275334E+02
   7 0.6254789E+02
   8 0.6305571E+02
   9 0.6388283E+02
   5 0.6284214E+02
  22 0.6351519E+02
  16 0.6339007E+02
   2 0.6321243E+02
  18 0.6274241E+02
  21 0.6282186E+02
   1 0.6336014E+02
  18 0.6327415E+02
  22 0.6413953E+02
  31 0.6240676E+02
  15 0.6374954E+02
   5 0.6302222E+02
  16 0.6348212E+02
  24 0.6286407E+02
  27 0.6275831E+02
   1 0.6323631E+02
  30 0.6267829E+02
   6 0.6285002E+02
  13 0.6316513E+02
   3 0.6233647E+02
  12 0.6337425E+02
  29 0.6321907E+02
  11 0.6306475E+02
  15 0.6307123E+02
   5 0.6321098E+02
  14 0.6290331E+02
  24 0.6395034E+02
  20 0.6254944E+02
  16 0.6363429E+02
  12 0.6346314E+02
  22 0.6280027E+02
   4 0.6277125E+02
  16 0.5740728E+02
  31 0.6265214E+02
  14 0.5714787E+02
   1 0.6311785E+02
  23 0.6323710E+02
  26 0.6332987E+02
  18 0.6235619E+02
   1 0.6299112E+02
   6 0.6302845E+02
  17 0.6351380E+02
   5 0.6288134E+02
  13 0.6246004E+02
  24 0.6327568E+02
  15 0.6321905E+02
  19 0.6251526E+02
   1 0.6336388E+02
  16 0.6321461E+02
   8 0.6327750E+02
  12 0.6308436E+02
   7 0.6282704E+02
  11 0.6272223E+02
  31 0.6304979E+02
  10 0.6261785E+02
  21 0.6244785E+02
  25 0.6310852E+02
  16 0.6223277E+02
  16 0.6300403E+02
   1 0.6301460E+02
  15 0.6287917E+02
  16 0.6314248E+02
  29 0.6172595E+02
  10 0.6330575E+02
  27 0.6272385E+02
   1 0.6364500E+02
  18 0.6308626E+02
   3 0.6285643E+02
  18 0.6333292E+02
  26 0.6265521E+02
  25 0.6297332E+02
   2 0.6225859E+02
   7 0.6300894E+02
  31 0.6302351E+02
  16 0.6269663E+02
  13 0.6342468E+02
  29 0.6213072E+02
  30 0.6293688E+02
   8 0.6090686E+02
  25 0.6321751E+02
  28 0.6340388E+02
  16 0.6316366E+02
  27 0.6384412E+02
  22 0.6276763E+02
  26 0.6308217E+02
   6 0.6245466E+02
   1 0.6336009E+02
  16 0.6328757E+02
  13 0.6287029E+02
  25 0.6293489E+02
  14 0.6315451E+02
  19 0.6304326E+02
   4 0.6275773E+02
  23 0.6268311E+02
  20 0.6283826E+02
  11 0.6302227E+02
  18 0.6336576E+02
   7 0.6295878E+02
  22 0.6421830E+02
  13 0.6313184E+02
  16 0.6288929E+02
  26 0.6280207E+02
   9 0.6269327E+02
  29 0.6296896E+02
   5 0.6271745E+02
  31 0.6303083E+02
   7 0.6311827E+02
  20 0.6308558E+02
  18 0.6374062E+02
  22 0.6298621E+02
  31 0.6318553E+02
   8 0.6221210E+02
  24 0.6260438E+02
  25 0.6307816E+02
  26 0.6307821E+02
  17 0.6266399E+02
  21 0.6288298E+02
  18 0.6365033E+02
   9 0.6263768E+02
   5 0.6315185E+02
  20 0.6266240E+02
   6 0.6289687E+02
   8 0.6335099E+02
  26 0.6307496E+02
  15 0.6277720E+02
  10 0.6288293E+02
  31 0.6249810E+02
  25 0.6265786E+02
   1 0.6264355E+02
  15 0.6300646E+02
   7 0.6259449E+02
   3 0.6217629E+02
   4 0.6256453E+02
  26 0.6328891E+02
  17 0.6361517E+02
   8 0.6343530E+02
  30 0.6219128E+02
  18 0.6331477E+02
  20 0.6280320E+02
  12 0.6239426E+02
  21 0.6294559E+02
  19 0.6267581E+02
   5 0.6322116E+02
   2 0.6313122E+02
  13 0.6293585E+02
  27 0.6300975E+02
  14 0.6339463E+02
  18 0.6323864E+02
  16 0.6320978E+02
   4 0.6228978E+02
  24 0.6241975E+02
  29 0.6249562E+02
  11 0.6320436E+02
  23 0.6320477E+02
  19 0.6302807E+02
  22 0.6204242E+02
  30 0.6219899E+02
  17 0.6186637E+02
   8 0.6256665E+02
  27 0.6339893E+02
  28 0.6327334E+02
  18 0.6250202E+02
   5 0.6290246E+02
   9 0.6254156E+02
  26 0.6292758E+02
  25 0.6316706E+02
  13 0.6250839E+02
   4 0.6254319E+02
   5 0.5782889E+02
  14 0.6272854E+02
  20 0.6254479E+02
  26 0.6314473E+02
   1 0.6345317E+02
  29 0.6276293E+02
  13 0.6301254E+02
  15 0.6275082E+02
  21 0.6380316E+02
   6 0.6250372E+02
   1 0.6297057E+02
  25 0.6233226E+02
  26 0.6216660E+02
  18 0.6279382E+02
   3 0.6294415E+02
  31 0.6313150E+02
  28 0.6312408E+02
  19 0.6279177E+02
  15 0.6311051E+02
  20 0.6185812E+02
   5 0.6235961E+02
  20 0.1101723E+02
   3 0.6314408E+02
  16 0.6292398E+02
  19 0.6079011E+02
   1 0.6250422E+02
  27 0.6318229E+02
  10 0.6291375E+02
  15 0.6357069E+02
  23 0.6311726E+02
   6 0.6185533E+02
   2 0.6336600E+02
  28 0.6256296E+02
  25 0.6260964E+02
   5 0.6311934E+02
  26 0.6283745E+02
  15 0.4366680E+02
   4 0.6280036E+02
  22 0.6276633E+02
  12 0.6342908E+02
  24 0.6347307E+02
   9 0.6300278E+02
   3 0.6341958E+02
  11 0.6292249E+02
  21 0.6280209E+02
  23 0.6244611E+02
   7 0.6360371E+02
  28 0.6246598E+02
  13 0.6261308E+02
   1 0.6329461E+02
   3 0.4637123E+02
  25 0.6266217E+02
  22 0.6311177E+02
  18 0.6251521E+02
   4 0.6311057E+02
   8 0.6246457E+02
   6 0.6294223E+02
  11 0.6264686E+02
   9 0.6302527E+02
   5 0.6250531E+02
  14 0.6274488E+02
   4 0.5884724E+02
   6 0.6348516E+02
  17 0.6299693E+02
  30 0.6245967E+02
  29 0.6318117E+02
   3 0.6400790E+02
   7 0.6244491E+02
  10 0.6226200E+02
  20 0.6347949E+02
  26 0.6365539E+02
  28 0.6207561E+02
  16 0.6229080E+02
   1 0.6357967E+02
  19 0.6286155E+02
  28 0.2339057E+02
  12 0.6223119E+02
  26 0.6328076E+02
  17 0.6256030E+02
   3 0.6218897E+02
   5 0.6316896E+02
  31 0.6231336E+02
  25 0.6228082E+02
  30 0.6223967E+02
  27 0.6252870E+02
  28 0.3302298E+02
  12 0.6240218E+02
   2 0.6276512E+02
   9 0.6304373E+02
   6 0.6261902E+02
  16 0.6285016E+02
  10 0.6223181E+02
  24 0.6282466E+02
   1 0.6262657E+02
  30 0.4714391E+02
  22 0.6218429E+02
   9 0.6249572E+02
  25 0.6313317E+02
  26 0.6278534E+02
  17 0.6214310E+02
  13 0.6308683E+02
  23 0.6271865E+02
  15 0.6261286E+02
  21 0.6244518E+02
  26 0.6400978E+02
   8 0.6324094E+02
  30 0.6195702E+02
  24 0.6271729E+02
  18 0.6290967E+02
   2 0.6304088E+02
   1 0.6204822E+02
  28 0.6288194E+02
  13 0.6286133E+02
  25 0.6325015E+02
   9 0.6306425E+02
  14 0.6260318E+02
   7 0.6235932E+02
  27 0.6319015E+02
  24 0.6297837E+02
   5 0.6308441E+02
   7 0.6406752E+02
  12 0.6272667E+02
   9 0.6320071E+02
  28 0.6293997E+02
  20 0.6298247E+02
  14 0.6234762E+02
  31 0.6299031E+02
  10 0.6381026E+02
  27 0.6355970E+02
  17 0.6222589E+02
  29 0.6246363E+02
  11 0.6254302E+02
  19 0.6335521E+02
  26 0.6263409E+02
   6 0.6304013E+02
   5 0.6247498E+02
  23 0.6377032E+02
  13 0.6212993E+02
   1 0.6337824E+02
  25 0.6338745E+02
   4 0.6277547E+02
  15 0.6314895E+02
  22 0.6323559E+02
   2 0.6272332E+02
  30 0.6281053E+02
   3 0.6287037E+02
  18 0.6281494E+02
  16 0.6309666E+02
  21 0.6235897E+02
   8 0.6297620E+02
  24 0.6280831E+02
  58 0.1380040E+02
  43 0.2425750E+02
   5 0.6270434E+02
  47 0.6333005E+02
   6 0.5589596E+02
  31 0.6299908E+02
  40 0.6384532E+02
  17 0.6304125E+02
  59 0.6286893E+02
   2 0.6309138E+02
  18 0.6296168E+02
   8 0.6292607E+02
  26 0.6247608E+02
  15 0.6291994E+02
  41 0.6370103E+02
  13 0.6256737E+02
  40 0.6295175E+02
  34 0.6234628E+02
  50 0.6231569E+02
  30 0.6222168E+02
  40 0.6268065E+02
   6 0.6307077E+02
  60 0.6248942E+02
  24 0.6250259E+02
   7 0.6330451E+02
  33 0.6297702E+02
   3 0.6310918E+02
  19 0.6274049E+02
  51 0.6213255E+02
  58 0.6295413E+02
   4 0.6227848E+02
  15 0.6132563E+02
   8 0.6251211E+02
  53 0.6247211E+02
  16 0.6234805E+02
   2 0.1526014E+02
  54 0.6254703E+02
  60 0.6367745E+02
  26 0.6224626E+02
  26 0.5181224E+02
  12 0.6300393E+02
  23 0.6255267E+02
  29 0.6278139E+02
  54 0.6305825E+02
  40 0.6342181E+02
   2 0.6332776E+02
   6 0.6278215E+02
  46 0.6290421E+02
  58 0.6287438E+02
  54 0.5224368E+02
  22 0.6315650E+02
  26 0.6195129E+02
  31 0.6353407E+02
  30 0.6277705E+02
  12 0.6250452E+02
   7 0.6221913E+02
   1 0.6291885E+02
  17 0.6299675E+02
  40 0.6368538E+02
  60 0.6262702E+02
   8 0.6263526E+02
  53 0.6247975E+02
  43 0.6247216E+02
  38 0.6342615E+02
  60 0.6367233E+02
  28 0.6307528E+02
  36 0.6277576E+02
  32 0.6290730E+02
  40 0.6380352E+02
  46 0.6349184E+02
  31 0.6203907E+02
   1 0.6321387E+02
  27 0.6313984E+02
   6 0.6329799E+02
  18 0.6311536E+02
  12 0.6351309E+02
  10 0.6335805E+02
  30 0.6239501E+02
  13 0.6265753E+02
   2 0.6386855E+02
   5 0.6252679E+02
  57 0.6268714E+02
  16 0.6244024E+02
   9 0.6283544E+02
  14 0.6260390E+02
  30 0.6274909E+02
  10 0.6304765E+02
  56 0.6254639E+02
  52 0.6349112E+02
  55 0.6275715E+02
  63 0.6241906E+02
  25 0.6307194E+02
  11 0.6268041E+02
  32 0.6254400E+02
  35 0.6357686E+02
   4 0.6275374E+02
   7 0.6212580E+02
   1 0.6300647E+02
  62 0.6276316E+02
  23 0.6319743E+02
  14 0.6360659E+02
   8 0.6329745E+02
   5 0.6333983E+02
  37 0.6304510E+02
  20 0.6252211E+02
  46 0.6286795E+02
  13 0.6275557E+02
  21 0.6324199E+02
  61 0.6270928E+02
   6 0.6308309E+02
  53 0.6272032E+02
  43 0.6256610E+02
  39 0.6271286E+02
  42 0.6310996E+02
  35 0.6244031E+02
  49 0.6293056E+02
  14 0.6256181E+02
   8 0.6319662E+02
  23 0.6316847E+02
  11 0.6320119E+02
   5 0.6361516E+02
  14 0.4724681E+01
  41 0.6268135E+02
  45 0.6235408E+02
  31 0.6273268E+02
  26 0.6310375E+02
  27 0.6318934E+02
  20 0.6258957E+02
  17 0.6291469E+02
  25 0.6290782E+02
  54 0.6231911E+02
  57 0.6260529E+02
  43 0.6377301E+02
  52 0.6300683E+02
  53 0.6379780E+02
  28 0.6272656E+02
   3 0.6257504E+02
  44 0.6333427E+02
  63 0.6267606E+02
  59 0.6308452E+02
  56 0.6306053E+02
  31 0.6340702E+02
  50 0.6312367E+02
  38 0.6303001E+02
  24 0.6334834E+02
  19 0.6255138E+02
  62 0.6276976E+02
  23 0.6311634E+02
  21 0.6354105E+02
  48 0.6294583E+02
  16 0.6295673E+02
  47 0.6296617E+02
  42 0.6141694E+02
   4 0.6206667E+02
  38 0.6039631E+02
  33 0.6274107E+02
  52 0.6380956E+02
   7 0.6259626E+02
  14 0.2726214E+02
  12 0.6290132E+02
   9 0.6345056E+02
  30 0.6325342E+02
  32 0.6240368E+02
  50 0.6273809E+02
  44 0.6228401E+02
   5 0.6190280E+02
  57 0.6268424E+02
  46 0.6297110E+02
  15 0.6348746E+02
  18 0.6201333E+02
  37 0.6317039E+02
  40 0.6339169E+02
  22 0.6310261E+02
  27 0.6214082E+02
   4 0.6332978E+02
  51 0.6244763E+02
  43 0.6234780E+02
   1 0.6321705E+02
  33 0.6205824E+02
  41 0.6343009E+02
   5 0.6290855E+02
  52 0.6274957E+02
  34 0.6308505E+02
  48 0.6302551E+02
  63 0.6281760E+02
  54 0.6235945E+02
  30 0.6332945E+02
  45 0.6299937E+02
   7 0.2690362E+02
  29 0.6293274E+02
  44 0.6206059E+02
  42 0.6337411E+02
  12 0.6313013E+02
  33 0.2538381E+02
   9 0.6224683E+02
   6 0.6280653E+02
  55 0.6191407E+02
  46 0.6301571E+02
   7 0.3387337E+02
  53 0.6226974E+02
  37 0.6221041E+02
  26 0.6263449E+02
  60 0.6286685E+02
  24 0.6235733E+02
  50 0.6213745E+02
  63 0.6296060E+02
  36 0.6260851E+02
  62 0.6262805E+02
  23 0.6342504E+02
  16 0.6289564E+02
  18 0.6277389E+02
  17 0.6341897E+02
  10 0.6280364E+02
  41 0.6224237E+02
  14 0.6359679E+02
  28 0.6284871E+02
  44 0.6328054E+02
   8 0.6294382E+02
  31 0.6254354E+02
  52 0.6226051E+02
  48 0.6182774E+02
  51 0.6251607E+02
  57 0.6282098E+02
  25 0.6279792E+02
  45 0.6260151E+02
   4 0.6265634E+02
   9 0.6232087E+02
  59 0.6281273E+02
   1 0.6255161E+02
  41 0.6272474E+02
  11 0.6259782E+02
   7 0.6394309E+02
  52 0.6238336E+02
   5 0.6279546E+02
  19 0.6306351E+02
  42 0.6287393E+02
  16 0.6197696E+02
   2 0.6269199E+02
  38 0.6282289E+02
  61 0.6306384E+02
  44 0.6239779E+02
  37 0.6279557E+02
  32 0.6265737E+02
  13 0.6252777E+02
  28 0.6168578E+02
  53 0.6289211E+02
  36 0.6354347E+02
   8 0.6289183E+02
  41 0.6376669E+02
  34 0.6235574E+02
  31 0.6261673E+02
  58 0.6330495E+02
  46 0.6293653E+02
  33 0.6282598E+02
  24 0.6317888E+02
   5 0.6244423E+02
  44 0.4144305E+02
  63 0.6332305E+02
   3 0.6237757E+02
  56 0.6231284E+02
   1 0.6234920E+02
  17 0.6293486E+02
  54 0.6203617E+02
   2 0.1053606E+02
  34 0.6305646E+02
  35 0.6258766E+02
  40 0.6298567E+02
  31 0.6319319E+02
  59 0.6242900E+02
  38 0.6301638E+02
  14 0.6261842E+02
  27 0.6232864E+02
  15 0.6308429E+02
  21 0.6291539E+02
  28 0.6323451E+02
  30 0.6351071E+02
  46 0.6314413E+02
  11 0.6252158E+02
  32 0.6279893E+02
  53 0.6389444E+02
  35 0.6071577E+02
  33 0.4122735E+02
  49 0.6267298E+02
  29 0.6314648E+02
  47 0.6304069E+02
  20 0.6335360E+02
   7 0.6256089E+02
   9 0.6202553E+02
  34 0.6332201E+02
   4 0.6267607E+02
  43 0.6278517E+02
  56 0.6348035E+02
   6 0.6304337E+02
   1 0.6209954E+02
  39 0.6280877E+02
   5 0.6296639E+02
  59 0.6102111E+02
  40 0.6262826E+02
  41 0.6232411E+02
  42 0.6274602E+02
  27 0.6218803E+02
  36 0.6288379E+02
  12 0.6257042E+02
  10 0.6316307E+02
  22 0.6235758E+02
  45 0.6304583E+02
  53 0.6312202E+02
  33 0.6199889E+02
  58 0.6339235E+02
  37 0.6241459E+02
  60 0.6299980E+02
  51 0.6238407E+02
  19 0.6300578E+02
  39 0.6260882E+02
  16 0.6335135E+02
  23 0.6325477E+02
  43 0.6312799E+02
  32 0.6313740E+02
  50 0.6294213E+02
   2 0.6234861E+02
  28 0.6322949E+02
  62 0.6277612E+02
  48 0.6283121E+02
  47 0.6260444E+02
  35 0.6241089E+02
  51 0.6363887E+02
   1 0.6309877E+02
  26 0.6307293E+02
  41 0.6268077E+02
  58 0.6286577E+02
  27 0.6303966E+02
  20 0.6210115E+02
  52 0.6305339E+02
  55 0.6238807E+02
  34 0.6234512E+02
  12 0.6276433E+02
  63 0.6285906E+02
  59 0.6315658E+02
  40 0.6278369E+02
  50 0.6345816E+02
   3 0.6306243E+02
  54 0.6349725E+02
  42 0.6359816E+02
   8 0.6203602E+02
   2 0.6273181E+02
  58 0.1545480E+02
  62 0.3857587E+02
  18 0.6259688E+02
   6 0.6299614E+02
  37 0.6261010E+02
  53 0.6342018E+02
  61 0.6287103E+02
  41 0.6334370E+02
   5 0.6236923E+02
  19 0.6229015E+02
  57 0.6233460E+02
  59 0.5413395E+02
  30 0.6334341E+02
  11 0.6281924E+02
  38 0.6279584E+02
  18 0.6306634E+02
  13 0.6306140E+02
  25 0.6258581E+02
  15 0.6275669E+02
  51 0.6317078E+02
  17 0.6332752E+02
  29 0.6365667E+02
  16 0.6261125E+02
  38 0.5700930E+02
   1 0.6282789E+02
  32 0.6277015E+02
  63 0.6269028E+02
  21 0.6283926E+02
  35 0.6360369E+02
  12 0.6292344E+02
  60 0.6295893E+02
  27 0.6238151E+02
  18 0.6062690E+02
  58 0.6294083E+02
  62 0.1485645E+02
  61 0.6275089E+02
  44 0.6316927E+02
   7 0.6266088E+02
  46 0.6304242E+02
   2 0.6319416E+02
  53 0.6237004E+02
   9 0.6296863E+02
  16 0.6072389E+02
  20 0.6309682E+02
  13 0.6313625E+02
  60 0.6254718E+02
   6 0.6329432E+02
  34 0.6272695E+02
  30 0.6280155E+02
  15 0.6366000E+02
  57 0.6208568E+02
  24 0.6268355E+02
  36 0.6246197E+02
  56 0.6263805E+02
  45 0.6286196E+02
  41 0.6324711E+02
  11 0.6220389E+02
   4 0.6274625E+02
  50 0.6304309E+02
  62 0.6285978E+02
  48 0.6334017E+02
  39 0.6330672E+02
   7 0.6341476E+02
  49 0.6296468E+02
   9 0.6368324E+02
  47 0.6303151E+02
  58 0.6281304E+02
  26 0.6274934E+02
   5 0.6324969E+02
  41 0.6358811E+02
  16 0.6337745E+02
   6 0.6271124E+02
  18 0.6375049E+02
  50 0.6290456E+02
  34 0.6327718E+02
   2 0.6253519E+02
  31 0.6329937E+02
   4 0.5543526E+02
  61 0.6280181E+02
  14 0.6271166E+02
  13 0.6250535E+02
  32 0.6281259E+02
  10 0.6283079E+02
  62 0.6300011E+02
   6 0.6011414E+02
  35 0.6280023E+02
  28 0.6268209E+02
  43 0.6284009E+02
  17 0.6260438E+02
  40 0.6305005E+02
  52 0.6259792E+02
  21 0.6264777E+02
  33 0.6259291E+02
  50 0.3864056E+02
  56 0.6312263E+02
   1 0.6227787E+02
  18 0.6381354E+02
  15 0.6223592E+02
   4 0.6228163E+02
   5 0.6261072E+02
  45 0.6264958E+02
  47 0.6308008E+02
  53 0.6321052E+02
   6 0.6261978E+02
  26 0.6201143E+02
  62 0.6286725E+02
  42 0.6310128E+02
   8 0.6260667E+02
  20 0.6277570E+02
  37 0.6260129E+02
  27 0.6248765E+02
  22 0.6279456E+02
  58 0.6265643E+02
  12 0.6244095E+02
  36 0.6265303E+02
  23 0.6307382E+02
  33 0.6336617E+02
   4 0.6378288E+02
  32 0.6315258E+02
   3 0.6347924E+02
  48 0.6295943E+02
  49 0.6284290E+02
  63 0.6344490E+02
  43 0.6213995E+02
  61 0.6344748E+02
   6 0.6366917E+02
  19 0.6268475E+02
  15 0.6211502E+02
  28 0.6322156E+02
  55 0.6298394E+02
  54 0.6332309E+02
  60 0.6271122E+02
   1 0.6307745E+02
  11 0.6277533E+02
   2 0.6330186E+02
  51 0.6261143E+02
  41 0.6270404E+02
  25 0.6269265E+02
   9 0.6219532E+02
  59 0.6305615E+02
  24 0.6347181E+02
  29 0.6282772E+02
  38 0.6252716E+02
   7 0.6291915E+02
  46 0.6269711E+02
  56 0.6299213E+02
  18 0.6364372E+02
  44 0.6241992E+02
  30 0.6285895E+02
  53 0.6204943E+02
  34 0.6302605E+02
  35 0.6223634E+02
  40 0.6305194E+02
  31 0.6232965E+02
  47 0.6275606E+02
  13 0.6301727E+02
  10 0.6284297E+02
  16 0.6289212E+02
  57 0.6219310E+02
  21 0.6288981E+02
  39 0.6274192E+02
  17 0.6290907E+02
   5 0.6305364E+02
  45 0.6307428E+02
  52 0.6289974E+02
  14 0.6276787E+02
  50 0.6284137E+02
  16 0.3204302E+02
   1 0.2555472E+02
  56 0.6344664E+02
  56 0.6348836E+02
  56 0.6325203E+02
 127 0.6317108E+02
  38 0.4697349E+02
 127 0.3771048E+02
   5 0.6353330E+02
 120 0.6366805E+02
  30 0.6328387E+02
  47 0.6381053E+02
   9 0.6361320E+02
 105 0.6369956E+02
  71 0.6296310E+02
  64 0.6431168E+02
  97 0.6310451E+02
  31 0.6402835E+02
 104 0.6329440E+02
  63 0.5856072E+02
  40 0.6348087E+02
  52 0.6133454E+02
  10 0.6312089E+02
  72 0.6358247E+02
  75 0.6324792E+02
  81 0.6346980E+02
 115 0.6297525E+02
  12 0.6319198E+02
   6 0.6291010E+02
  55 0.6328428E+02
   4 0.6265616E+02
  54 0.6309447E+02
   9 0.5491174E+02
  61 0.6317934E+02
  20 0.6346180E+02
  91 0.6318559E+02
  96 0.6252877E+02
  20 0.6292897E+02
 125 0.6286955E+02
  32 0.6204404E+02
   4 0.5424292E+02
  43 0.6226999E+02
  59 0.6304060E+02
  29 0.6305261E+02
  39 0.6331236E+02
 122 0.6277594E+02
  89 0.6391620E+02
  93 0.6209386E+02
 107 0.6177159E+02
  34 0.6360458E+02
  68 0.6351951E+02
   2 0.6304639E+02
 127 0.6278416E+02
  38 0.6213850E+02
 101 0.6254727E+02
  25 0.6227892E+02
  53 0.6246012E+02
 111 0.6281379E+02
  14 0.6248809E+02
 102 0.6297985E+02
   8 0.6290283E+02
  61 0.6314234E+02
  56 0.6307235E+02
  44 0.6279533E+02
  98 0.6264030E+02
 109 0.6223891E+02
   4 0.6369121E+02
 126 0.6262745E+02
   3 0.6315526E+02
  55 0.6268464E+02
  53 0.6233181E+02
  20 0.6269855E+02
  33 0.6307417E+02
  66 0.6266024E+02
 104 0.6369631E+02
  45 0.6242117E+02
 123 0.6262991E+02
 115 0.6304957E+02
  20 0.6242978E+02
  51 0.6319194E+02
 111 0.6215061E+02
  69 0.6288986E+02
  20 0.6267735E+02
   1 0.6250527E+02
 121 0.6219375E+02
   1 0.6259588E+02
  93 0.6260230E+02
  13 0.6286547E+02
  36 0.6279960E+02
  91 0.6331200E+02
  32 0.6265457E+02
 109 0.3042151E+02
  48 0.6265860E+02
   5 0.6280307E+02
  17 0.6257905E+02
  76 0.6272441E+02
   1 0.6225728E+02
  31 0.6156614E+02
  85 0.6274635E+02
   1 0.6297513E+02
  48 0.5538574E+02
  52 0.6215937E+02
  63 0.6268186E+02
  76 0.4815159E+02
  20 0.6308428E+02
   9 0.6340679E+02
  66 0.6291099E+02
  33 0.6254951E+02
  39 0.6311031E+02
  86 0.6227681E+02
   6 0.6320176E+02
  81 0.6219559E+02
   7 0.6245328E+02
  59 0.6280677E+02
  96 0.6288049E+02
 126 0.6290176E+02
   5 0.4352829E+02
  98 0.6259986E+02
  93 0.6295274E+02
  66 0.6300377E+02
   8 0.6289958E+02
 109 0.6314754E+02
  33 0.6266672E+02
  85 0.6316632E+02
  20 0.6358464E+02
  95 0.6226474E+02
  76 0.6356320E+02
 111 0.6231078E+02
   5 0.6332653E+02
  68 0.6266462E+02
  85 0.6311741E+02
  89 0.6303945E+02
  83 0.6310732E+02
   4 0.6205388E+02
  66 0.6408682E+02
  52 0.6343240E+02
   2 0.6252778E+02
  93 0.6325783E+02
  16 0.6300638E+02
 112 0.6322258E+02
 126 0.6205866E+02
 115 0.6265306E+02
  22 0.6274631E+02
  67 0.6276963E+02
  37 0.6273866E+02
  53 0.6294454E+02
  15 0.6281124E+02
  86 0.6342642E+02
  26 0.6239268E+02
  51 0.6241118E+02
  37 0.6288942E+02
  74 0.6292244E+02
 121 0.6374784E+02
  87 0.6290616E+02
  14 0.6324334E+02
  80 0.6322120E+02
  52 0.6311709E+02
  25 0.6274082E+02
  96 0.6194742E+02
  49 0.6314418E+02
  19 0.6279430E+02
 102 0.6284474E+02
 116 0.6287123E+02
   8 0.6334581E+02
  18 0.6261627E+02
  44 0.6368783E+02
  31 0.6276151E+02
 115 0.6278060E+02
  61 0.6291884E+02
 122 0.6293215E+02
  89 0.6293818E+02
  79 0.6276254E+02
  57 0.6291540E+02
  26 0.6380870E+02
  51 0.6326733E+02
 119 0.6263418E+02
  39 0.6294261E+02
 117 0.6286064E+02
   1 0.6278209E+02
  43 0.6246438E+02
  41 0.6260176E+02
  73 0.6260814E+02
  50 0.6272542E+02
  28 0.6287229E+02
 100 0.6239819E+02
  98 0.6319947E+02
  85 0.6232449E+02
  37 0.5943699E+02
 103 0.6291835E+02
  97 0.6231496E+02
  90 0.6266010E+02
  44 0.6333919E+02
   3 0.6261173E+02
  47 0.6342981E+02
  95 0.6351769E+02
  60 0.6324247E+02
 113 0.6290778E+02
 102 0.6299322E+02
  77 0.6288614E+02
  87 0.6184091E+02
  67 0.6306131E+02
  86 0.6321136E+02
  70 0.6353973E+02
  53 0.6300648E+02
  64 0.6265421E+02
  98 0.6315957E+02
  48 0.6268290E+02
  91 0.6323836E+02
  82 0.6264547E+02
  20 0.6024693E+02
 122 0.6322999E+02
 119 0.6221134E+02
  57 0.6316389E+02
 121 0.6242467E+02
  39 0.6299885E+02
 106 0.6252944E+02
  58 0.6234739E+02
  46 0.6278725E+02
  38 0.6314435E+02
  30 0.6309718E+02
  73 0.6265147E+02
 115 0.6297727E+02
 110 0.6295940E+02
  42 0.6311703E+02
  89 0.6199807E+02
 120 0.6311146E+02
  40 0.6270939E+02
 124 0.6277687E+02
  27 0.6266650E+02
 108 0.6316382E+02
  92 0.6240688E+02
  12 0.6308343E+02
  79 0.6232531E+02
  33 0.6327935E+02
  84 0.6271269E+02
 103 0.6384118E+02
  26 0.6263109E+02
  75 0.6280574E+02
  23 0.6216220E+02
  36 0.6208682E+02
  99 0.6233211E+02
  78 0.6314813E+02
  24 0.6235353E+02
  21 0.6323078E+02
  65 0.6293205E+02
 114 0.6273969E+02
 122 0.6313654E+02
  57 0.6256935E+02
  62 0.6268168E+02
 126 0.6254477E+02
  30 0.6302869E+02
  94 0.6332893E+02
  71 0.6299651E+02
  88 0.6254648E+02
  70 0.6319492E+02
  11 0.6321612E+02
  63 0.6288128E+02
   6 0.6299163E+02
   8 0.6267998E+02
  68 0.6253650E+02
 125 0.6298472E+02
  35 0.6303215E+02
  56 0.6299781E+02
  37 0.6219041E+02
  46 0.6326970E+02
  91 0.6201454E+02
 100 0.4817589E+02
  44 0.6193994E+02
 105 0.6304425E+02
  65 0.6313312E+02
 122 0.5199746E+02
 117 0.6336557E+02
  55 0.6246648E+02
  72 0.6287397E+02
  39 0.6287881E+02
 118 0.6276395E+02
  31 0.6254595E+02
  51 0.6247537E+02
  10 0.6316796E+02
  14 0.6327294E+02
  57 0.6315557E+02
 101 0.6239322E+02
  26 0.6286981E+02
 114 0.6357302E+02
  34 0.6317681E+02
  29 0.6296861E+02
  53 0.6282741E+02
  18 0.6288485E+02
   7 0.6283415E+02
  49 0.6219192E+02
  86 0.6262973E+02
  54 0.6266029E+02
 107 0.6307246E+02
 124 0.6292839E+02
  59 0.6259015E+02
  69 0.6311074E+02
   6 0.6348226E+02
 123 0.6325023E+02
   2 0.6315174E+02
  81 0.6361743E+02
  91 0.6367997E+02
   5 0.6264875E+02
 104 0.6275018E+02
  82 0.6262852E+02
  93 0.6284002E+02
   4 0.6248919E+02
 111 0.6302659E+02
 100 0.6331564E+02
  22 0.6354107E+02
  17 0.6213950E+02
  28 0.6212293E+02
  78 0.6229611E+02
  76 0.6243127E+02
  75 0.6248500E+02
  94 0.6411909E+02
 127 0.6297920E+02
   9 0.6300785E+02
  45 0.6283061E+02
  53 0.3768953E+02
 107 0.6371832E+02
  64 0.6244637E+02
   6 0.6277092E+02
  44 0.6324684E+02
  98 0.6274166E+02
  66 0.6268532E+02
  21 0.6292501E+02
 114 0.6249402E+02
 120 0.6319132E+02
 102 0.6313965E+02
  86 0.6356927E+02
  26 0.6300957E+02
  92 0.6331854E+02
  70 0.6276310E+02
 119 0.6310643E+02
  74 0.6276903E+02
  83 0.6289511E+02
  28 0.9438933E+01
 125 0.6384981E+02
  60 0.6231332E+02
 113 0.6302933E+02
 112 0.6259752E+02
  16 0.6264538E+02
  49 0.6349615E+02
 117 0.6232462E+02
  47 0.6320809E+02
 121 0.6297750E+02
  54 0.6251052E+02
   4 0.6277370E+02
 100 0.6355493E+02
  91 0.6292706E+02
 106 0.6340858E+02
  81 0.6200948E+02
  12 0.6292051E+02
  89 0.6203648E+02
  19 0.6258789E+02
  71 0.6235857E+02
  32 0.6302816E+02
  35 0.6239485E+02
 109 0.6353704E+02
  40 0.6294342E+02
  53 0.6383851E+02
  63 0.6276543E+02
   3 0.6281042E+02
  22 0.6236604E+02
 102 0.6252043E+02
  13 0.6229346E+02
  41 0.6309418E+02
 104 0.6310623E+02
  52 0.6316517E+02
  21 0.6237440E+02
   9 0.6347516E+02
  86 0.6269963E+02
 116 0.6293347E+02
  20 0.6269116E+02
  61 0.6288907E+02
  25 0.6229901E+02
   2 0.6297835E+02
  55 0.6267014E+02
  98 0.6255777E+02
  15 0.6291475E+02
 107 0.6402097E+02
  16 0.5812565E+02
 119 0.6335877E+02
  37 0.6229284E+02
  23 0.6274925E+02
  65 0.6292161E+02
  69 0.6242282E+02
  14 0.6345423E+02
 101 0.6271594E+02
 108 0.6301708E+02
  48 0.6273565E+02
 120 0.6172127E+02
   6 0.6270402E+02
 123 0.6265372E+02
  29 0.6238412E+02
  34 0.6330375E+02
  43 0.6260211E+02
  99 0.6315222E+02
 127 0.6219314E+02
 112 0.6174925E+02
 109 0.6230629E+02
  30 0.6396621E+02
 126 0.6213555E+02
  73 0.6345610E+02
  89 0.6284713E+02
  64 0.6286826E+02
 102 0.5343709E+02
  87 0.6255305E+02
  24 0.6282971E+02
  96 0.6270873E+02
  54 0.6304140E+02
  36 0.6271617E+02
 114 0.6303282E+02
  88 0.6247078E+02
  21 0.6220839E+02
  61 0.4854225E+02
 118 0.6245535E+02
  85 0.5963408E+02
  97 0.6332926E+02
  84 0.6221958E+02
  74 0.6369278E+02
  92 0.6272865E+02
   4 0.6246219E+02
  72 0.6255003E+02
  22 0.6221615E+02
  79 0.6268399E+02
 119 0.6302101E+02
  28 0.6272393E+02
  13 0.6341826E+02
  27 0.6286757E+02
  44 0.6277852E+02
  52 0.6231868E+02
  38 0.6269288E+02
  94 0.6229615E+02
  57 0.6299598E+02
 121 0.6362949E+02
  59 0.6244096E+02
 116 0.6352060E+02
  81 0.6231321E+02
  86 0.6318125E+02
   1 0.6313156E+02
  16 0.6355851E+02
  50 0.6296669E+02
  15 0.6258432E+02
  77 0.6354284E+02
  67 0.6383497E+02
 110 0.6290560E+02
  60 0.6206004E+02
  58 0.6244978E+02
  46 0.6308774E+02
  51 0.6293047E+02
  90 0.6324477E+02
  18 0.6306303E+02
 103 0.6280563E+02
  93 0.6312140E+02
  56 0.6356575E+02
  68 0.6331470E+02
  80 0.6228752E+02
  63 0.6254166E+02
  17 0.6333374E+02
 104 0.6175672E+02
 117 0.6288704E+02
 107 0.6167354E+02
 111 0.6199336E+02
  12 0.6283731E+02
 122 0.6222203E+02
  95 0.6267752E+02
 113 0.6276329E+02
 105 0.6246919E+02
 100 0.6269162E+02
  49 0.6265112E+02
  76 0.6295155E+02
  23 0.6323930E+02
 124 0.6255442E+02
  11 0.6297475E+02
   3 0.6339088E+02
  75 0.6291504E+02
  45 0.6333990E+02
  40 0.6291316E+02
  39 0.6271769E+02
  66 0.6321696E+02
  41 0.6250234E+02
  91 0.6279284E+02
   2 0.6305619E+02
  10 0.6271335E+02
  33 0.6293996E+02
  26 0.6219594E+02
   8 0.6267186E+02
  62 0.6263310E+02
  19 0.6303734E+02
  42 0.6311666E+02
  31 0.6319989E+02
  70 0.6317160E+02
  82 0.6328506E+02
   7 0.6238882E+02
  98 0.6258457E+02
  20 0.6272283E+02
   5 0.6298023E+02
  78 0.6308819E+02
  55 0.6286973E+02
  53 0.6271518E+02
   9 0.6298774E+02
  35 0.6262331E+02
  83 0.6342248E+02
  37 0.6262216E+02
 125 0.6299698E+02
  32 0.6325054E+02
  47 0.6237613E+02
 106 0.6298543E+02
 115 0.6305048E+02
  25 0.6313188E+02
  71 0.6323556E+02
