   1 0.5419632E+02
   1 0.5466987E+02
   1 0.5477550E+02
   1 0.5429086E+02
   1 0.5375220E+02
   1 0.5452232E+02
   1 0.5492573E+02
   1 0.5230713E+02
   1 0.2219793E+02
   1 0.5408336E+02
   1 0.5443176E+02
   1 0.5437850E+02
   1 0.5428802E+02
   1 0.5436111E+02
   1 0.5485730E+02
   1 0.5452550E+02
   1 0.5392031E+02
   1 0.5476989E+02
   1 0.5456159E+02
   1 0.5474611E+02
   1 0.5464521E+02
   1 0.2913602E+02
   1 0.5408146E+02
   1 0.5439409E+02
   1 0.5451002E+02
   1 0.5413057E+02
   1 0.5504374E+02
   1 0.5401111E+02
   1 0.5407070E+02
   1 0.5399159E+02
   1 0.5475190E+02
   1 0.5398705E+02
   1 0.5419478E+02
   1 0.5384306E+02
   1 0.5445321E+02
   1 0.5485086E+02
   1 0.5494196E+02
   1 0.5382380E+02
   1 0.5398788E+02
   1 0.5467229E+02
   1 0.5451543E+02
   1 0.5387673E+02
   1 0.5428906E+02
   1 0.5460751E+02
   1 0.5434992E+02
   1 0.5507904E+02
   1 0.5327196E+02
   1 0.5434781E+02
   1 0.5455207E+02
   1 0.5380842E+02
   1 0.5276207E+02
   1 0.5432306E+02
   1 0.5501192E+02
   1 0.5414750E+02
   1 0.5417354E+02
   1 0.5402591E+02
   1 0.5495670E+02
   1 0.4921960E+02
   1 0.5368022E+02
   1 0.5450556E+02
   1 0.5527670E+02
   1 0.5486290E+02
   1 0.5368516E+02
   1 0.5495611E+02
   1 0.5548979E+02
   1 0.5412847E+02
   1 0.5476315E+02
   1 0.5399987E+02
   1 0.5418554E+02
   1 0.5415119E+02
   1 0.5359323E+02
   1 0.5473406E+02
   1 0.5470286E+02
   1 0.5492388E+02
   1 0.5463983E+02
   1 0.5453580E+02
   1 0.5493492E+02
   1 0.5382501E+02
   1 0.5471956E+02
   1 0.4709789E+02
   1 0.5506883E+02
   1 0.5421515E+02
   1 0.5209732E+02
   1 0.5488479E+02
   1 0.5449026E+02
   1 0.5481380E+02
   1 0.5376682E+02
   1 0.5432830E+02
   1 0.5382352E+02
   1 0.5428671E+02
   1 0.5502416E+02
   1 0.5492611E+02
   1 0.5564806E+02
   1 0.5504103E+02
   1 0.5479545E+02
   1 0.5397520E+02
   1 0.5402594E+02
   1 0.5458186E+02
   1 0.5458329E+02
   1 0.5435168E+02
   1 0.5466997E+02
   1 0.5400966E+02
   1 0.5431135E+02
   1 0.5504242E+02
   1 0.5512541E+02
   1 0.5440414E+02
   1 0.5504957E+02
   1 0.5427736E+02
   1 0.5400309E+02
   1 0.4934734E+02
   1 0.5463007E+02
   1 0.5455004E+02
   1 0.5423197E+02
   1 0.5395496E+02
   1 0.5388039E+02
   1 0.5343203E+02
   1 0.5483290E+02
   1 0.5462283E+02
   1 0.5370087E+02
   1 0.5494648E+02
   1 0.5451289E+02
   1 0.5443245E+02
   1 0.5508018E+02
   1 0.5405817E+02
   1 0.5388704E+02
   1 0.5392957E+02
   1 0.5492821E+02
   1 0.5443759E+02
   1 0.5438767E+02
   1 0.5368985E+02
   1 0.5446335E+02
   1 0.5440900E+02
   1 0.5431880E+02
   1 0.5470696E+02
   1 0.5355337E+02
   1 0.5470990E+02
   1 0.5459337E+02
   1 0.5451689E+02
   1 0.5421868E+02
   1 0.4580717E+02
   1 0.5481866E+02
   1 0.5319100E+02
   1 0.5457539E+02
   1 0.5459285E+02
   1 0.5427771E+02
   1 0.5414515E+02
   1 0.5434500E+02
   1 0.5384046E+02
   1 0.4623158E+02
   1 0.5377291E+02
   1 0.5388182E+02
   1 0.5518883E+02
   1 0.5440605E+02
   1 0.5388646E+02
   1 0.5482007E+02
   1 0.5579078E+02
   1 0.5499335E+02
   1 0.5501884E+02
   1 0.5441568E+02
   1 0.5453665E+02
   1 0.5474458E+02
   1 0.5353122E+02
   1 0.5497504E+02
   1 0.5175232E+02
   1 0.5423336E+02
   1 0.5419204E+02
   1 0.5482971E+02
   1 0.5418901E+02
   1 0.5426682E+02
   1 0.5381398E+02
   1 0.5428740E+02
   1 0.5434517E+02
   1 0.5397328E+02
   1 0.5483135E+02
   1 0.5435613E+02
   1 0.5451635E+02
   1 0.5448406E+02
   1 0.5391525E+02
   1 0.5435091E+02
   1 0.5480402E+02
   1 0.5442299E+02
   1 0.5495210E+02
   1 0.5403334E+02
   1 0.5393823E+02
   1 0.5396353E+02
   1 0.5451425E+02
   1 0.5503600E+02
   1 0.5403478E+02
   1 0.5519873E+02
   1 0.5364303E+02
   1 0.5471039E+02
   1 0.5423037E+02
   1 0.5431382E+02
   1 0.5385783E+02
   1 0.5385654E+02
   1 0.5443425E+02
   1 0.5367134E+02
   1 0.5448069E+02
   1 0.5498859E+02
   1 0.5476384E+02
   1 0.5421938E+02
   1 0.5408526E+02
   1 0.5543445E+02
   1 0.5487538E+02
   1 0.5479285E+02
   1 0.3262127E+02
   1 0.5441703E+02
   1 0.5422723E+02
   1 0.5449427E+02
   1 0.5423364E+02
   1 0.5475272E+02
   1 0.5467817E+02
   1 0.5441352E+02
   1 0.5449344E+02
   1 0.3371122E+02
   1 0.5430903E+02
   1 0.5478838E+02
   1 0.5457616E+02
   1 0.5513522E+02
   1 0.5464928E+02
   1 0.5513194E+02
   1 0.5447838E+02
   1 0.5420652E+02
   1 0.5466509E+02
   1 0.5477799E+02
   1 0.5439883E+02
   1 0.5378825E+02
   1 0.5563435E+02
   1 0.5476857E+02
   1 0.3962551E+02
   1 0.5445637E+02
   1 0.5423194E+02
   1 0.5373834E+02
   1 0.5450103E+02
   1 0.5446055E+02
   1 0.5487812E+02
   1 0.5411551E+02
   1 0.5425095E+02
   1 0.5421906E+02
   1 0.5427653E+02
   1 0.5400138E+02
   1 0.5469086E+02
   1 0.5375819E+02
   1 0.5423845E+02
   1 0.5416071E+02
   1 0.5432386E+02
   1 0.5450583E+02
   1 0.5412781E+02
   1 0.5410446E+02
   1 0.5419058E+02
   1 0.5497157E+02
   1 0.5441938E+02
   1 0.5467102E+02
   1 0.5422193E+02
   1 0.5478844E+02
   1 0.5493988E+02
   3 0.5398350E+02
   2 0.5439061E+02
   1 0.5390953E+02
   1 0.4276555E+02
   1 0.5499154E+02
   2 0.5458991E+02
   3 0.5447425E+02
   3 0.5445909E+02
   1 0.5503343E+02
   3 0.5429024E+02
   1 0.5401233E+02
   1 0.5444746E+02
   2 0.5427538E+02
   3 0.5394676E+02
   3 0.5426476E+02
   1 0.5398228E+02
   1 0.5539181E+02
   2 0.5416412E+02
   2 0.5403126E+02
   3 0.5470404E+02
   3 0.5478753E+02
   1 0.5424944E+02
   2 0.5417656E+02
   3 0.5436220E+02
   3 0.5526647E+02
   1 0.5473046E+02
   2 0.5419328E+02
   3 0.5409601E+02
   1 0.5426446E+02
   2 0.5396036E+02
   3 0.5406488E+02
   1 0.5425170E+02
   2 0.5484758E+02
   3 0.5522109E+02
   2 0.5425028E+02
   1 0.5475657E+02
   3 0.5397189E+02
   2 0.5458182E+02
   1 0.5473364E+02
   3 0.5400378E+02
   2 0.5441180E+02
   1 0.5383161E+02
   3 0.5436010E+02
   3 0.5390343E+02
   3 0.5414308E+02
   3 0.5481245E+02
   3 0.5500237E+02
   2 0.5454091E+02
   1 0.5522880E+02
   1 0.5380609E+02
   3 0.5429568E+02
   2 0.5396568E+02
   2 0.5432598E+02
   1 0.5409532E+02
   3 0.5445920E+02
   3 0.5439772E+02
   2 0.5459076E+02
   1 0.5419265E+02
   2 0.5408695E+02
   3 0.5443865E+02
   3 0.5397146E+02
   1 0.5436452E+02
   2 0.5420928E+02
   2 0.5477304E+02
   3 0.5457077E+02
   1 0.5414587E+02
   2 0.5428925E+02
   3 0.5460950E+02
   1 0.5470634E+02
   2 0.5388244E+02
   3 0.5411827E+02
   1 0.5389203E+02
   2 0.5429079E+02
   3 0.5347330E+02
   1 0.5436245E+02
   3 0.5385329E+02
   2 0.5430725E+02
   1 0.5433589E+02
   1 0.5507778E+02
   3 0.5400787E+02
   1 0.4820398E+02
   3 0.5433927E+02
   2 0.5454006E+02
   1 0.5503755E+02
   3 0.5432878E+02
   1 0.1537608E+02
   3 0.5442234E+02
   1 0.5485685E+02
   2 0.5371598E+02
   3 0.5431206E+02
   1 0.5433009E+02
   3 0.5428291E+02
   2 0.5389073E+02
   1 0.5421125E+02
   2 0.5401079E+02
   2 0.5411211E+02
   3 0.5466697E+02
   1 0.5419507E+02
   1 0.5377756E+02
   2 0.5469077E+02
   3 0.5413001E+02
   3 0.5519331E+02
   3 0.5397268E+02
   1 0.5472825E+02
   2 0.5438676E+02
   2 0.5445680E+02
   3 0.5452662E+02
   1 0.5362099E+02
   3 0.5429499E+02
   2 0.5427556E+02
   1 0.5404242E+02
   3 0.5412047E+02
   2 0.5490004E+02
   2 0.5469222E+02
   2 0.5506889E+02
   2 0.5394712E+02
   1 0.5404685E+02
   3 0.5506825E+02
   1 0.5498742E+02
   2 0.5438568E+02
   2 0.5470786E+02
   2 0.5513883E+02
   3 0.5434040E+02
   2 0.5411170E+02
   1 0.5431767E+02
   1 0.5439183E+02
   3 0.5464535E+02
   2 0.5404775E+02
   3 0.5452716E+02
   2 0.5409688E+02
   1 0.5484540E+02
   2 0.5514495E+02
   1 0.5429029E+02
   1 0.3458310E+02
   1 0.5446874E+02
   1 0.5392312E+02
   3 0.5366656E+02
   1 0.5433916E+02
   2 0.5428099E+02
   3 0.5410565E+02
   3 0.5468367E+02
   1 0.5443796E+02
   2 0.5388599E+02
   3 0.5398187E+02
   2 0.5464317E+02
   1 0.5453438E+02
   3 0.5421965E+02
   2 0.5435887E+02
   1 0.5442082E+02
   3 0.5471459E+02
   1 0.5496710E+02
   2 0.5407713E+02
   3 0.5433572E+02
   1 0.5374864E+02
   2 0.5510036E+02
   3 0.5452454E+02
   2 0.5456235E+02
   1 0.5451124E+02
   2 0.5488729E+02
   2 0.5367641E+02
   2 0.4056826E+02
   3 0.5409731E+02
   1 0.5344518E+02
   2 0.5424409E+02
   2 0.5439676E+02
   3 0.5431146E+02
   1 0.5425635E+02
   2 0.5409169E+02
   3 0.5444614E+02
   1 0.5483167E+02
   2 0.5538680E+02
   3 0.5485244E+02
   1 0.5457834E+02
   1 0.5400172E+02
   1 0.5471084E+02
   2 0.5471822E+02
   3 0.5454425E+02
   3 0.5365782E+02
   1 0.5402142E+02
   2 0.5513308E+02
   1 0.5431195E+02
   3 0.5479023E+02
   1 0.5471619E+02
   2 0.5446427E+02
   3 0.5374211E+02
   1 0.5425488E+02
   1 0.5355734E+02
   1 0.5419340E+02
   1 0.5446183E+02
   2 0.5421327E+02
   3 0.5418019E+02
   2 0.5496247E+02
   1 0.5442195E+02
   3 0.5475501E+02
   2 0.5398723E+02
   1 0.5376695E+02
   2 0.5351817E+02
   1 0.5430864E+02
   3 0.5410533E+02
   2 0.5447007E+02
   2 0.5383929E+02
   3 0.5435341E+02
   1 0.5451675E+02
   3 0.5438562E+02
   1 0.5449352E+02
   2 0.5456510E+02
   3 0.5381216E+02
   1 0.5412118E+02
   2 0.5431033E+02
   2 0.5387560E+02
   3 0.5428596E+02
   1 0.5480380E+02
   2 0.5443585E+02
   2 0.5374330E+02
   3 0.5439797E+02
   1 0.5510092E+02
   2 0.5440792E+02
   2 0.5553149E+02
   3 0.5495775E+02
   1 0.5465128E+02
   1 0.4840509E+02
   1 0.5383199E+02
   2 0.5432947E+02
   3 0.5422634E+02
   1 0.5454971E+02
   2 0.5439013E+02
   3 0.5447457E+02
   1 0.5413063E+02
   2 0.5452824E+02
   3 0.5359753E+02
   3 0.5087975E+02
   1 0.5452594E+02
   2 0.5501069E+02
   2 0.3949696E+02
   3 0.5463303E+02
   3 0.5444719E+02
   3 0.5448726E+02
   1 0.5396401E+02
   2 0.5426725E+02
   2 0.5498886E+02
   2 0.5489017E+02
   3 0.5449602E+02
   1 0.5454827E+02
   2 0.5402437E+02
   2 0.5478194E+02
   2 0.5515839E+02
   1 0.5458344E+02
   3 0.5425598E+02
   1 0.5288659E+02
   2 0.5483197E+02
   3 0.5457712E+02
   1 0.5420842E+02
   1 0.5391165E+02
   2 0.5431400E+02
   3 0.5396395E+02
   1 0.5417161E+02
   6 0.5443536E+02
   3 0.5439920E+02
   7 0.5398338E+02
   4 0.5468808E+02
   2 0.5438413E+02
   5 0.5482970E+02
   1 0.5445397E+02
   2 0.2511526E+02
   4 0.5432580E+02
   1 0.5434773E+02
   6 0.5463707E+02
   3 0.5460190E+02
   7 0.5404066E+02
   5 0.5469255E+02
   2 0.5426892E+02
   4 0.5437189E+02
   4 0.5363916E+02
   1 0.5448839E+02
   3 0.5420676E+02
   6 0.5376103E+02
   7 0.5437437E+02
   6 0.5412049E+02
   5 0.5471291E+02
   2 0.5471664E+02
   2 0.5480936E+02
   1 0.5454492E+02
   3 0.5460218E+02
   4 0.5392588E+02
   7 0.5445628E+02
   3 0.5521662E+02
   3 0.5436612E+02
   6 0.5399449E+02
   5 0.5400411E+02
   2 0.5408004E+02
   4 0.5476221E+02
   7 0.5452469E+02
   1 0.5455210E+02
   4 0.5482364E+02
   3 0.5410808E+02
   6 0.5431563E+02
   5 0.5441405E+02
   3 0.5441353E+02
   2 0.5398464E+02
   7 0.5467291E+02
   1 0.5479288E+02
   4 0.5498880E+02
   4 0.5399586E+02
   6 0.5408915E+02
   3 0.5467003E+02
   5 0.5379104E+02
   6 0.5500712E+02
   2 0.5413450E+02
   7 0.5464906E+02
   7 0.5534675E+02
   1 0.5422989E+02
   1 0.5455593E+02
   4 0.5504522E+02
   3 0.5503987E+02
   5 0.5426843E+02
   6 0.5416369E+02
   2 0.5429959E+02
   6 0.5356389E+02
   7 0.5405414E+02
   6 0.5487770E+02
   1 0.5435349E+02
   4 0.5496331E+02
   3 0.5447109E+02
   5 0.5456693E+02
   2 0.5417564E+02
   7 0.5538248E+02
   6 0.5489749E+02
   6 0.5526915E+02
   7 0.5368957E+02
   1 0.5458076E+02
   4 0.5369484E+02
   6 0.5525341E+02
   3 0.5382913E+02
   5 0.5414866E+02
   2 0.5474560E+02
   3 0.5482735E+02
   3 0.5424816E+02
   3 0.5448952E+02
   7 0.5478200E+02
   1 0.5391662E+02
   4 0.5492570E+02
   7 0.4842991E+02
   6 0.5480479E+02
   1 0.5426396E+02
   5 0.5432846E+02
   2 0.5508543E+02
   6 0.5400390E+02
   6 0.5403007E+02
   3 0.5400704E+02
   6 0.5404082E+02
   3 0.5501006E+02
   4 0.5415412E+02
   7 0.5485516E+02
   3 0.5477453E+02
   1 0.5390840E+02
   5 0.5413776E+02
   2 0.5423920E+02
   1 0.5498614E+02
   2 0.5530970E+02
   2 0.5458835E+02
   6 0.5432273E+02
   4 0.5460958E+02
   7 0.5367939E+02
   3 0.5500250E+02
   6 0.5442083E+02
   5 0.5495357E+02
   1 0.5401273E+02
   1 0.5433142E+02
   2 0.5423748E+02
   2 0.5434628E+02
   4 0.5435981E+02
   3 0.5440426E+02
   7 0.5452480E+02
   6 0.5367518E+02
   3 0.5478887E+02
   7 0.5469467E+02
   5 0.5404159E+02
   6 0.5537595E+02
   3 0.5468111E+02
   7 0.5527360E+02
   1 0.5403207E+02
   7 0.5475136E+02
   1 0.5439611E+02
   2 0.5392285E+02
   4 0.5485067E+02
   5 0.5437136E+02
   6 0.5414964E+02
   3 0.5491930E+02
   5 0.5526778E+02
   7 0.5437762E+02
   7 0.5509094E+02
   1 0.5404335E+02
   2 0.5429086E+02
   4 0.5432556E+02
   4 0.5482031E+02
   6 0.5456605E+02
   5 0.5493762E+02
   3 0.5378858E+02
   6 0.5547380E+02
   5 0.5571465E+02
   3 0.5402239E+02
   6 0.5433118E+02
   3 0.5540018E+02
   7 0.5447369E+02
   2 0.5436238E+02
   1 0.5426829E+02
   2 0.3695112E+02
   3 0.5380010E+02
   4 0.5404143E+02
   7 0.5449050E+02
   1 0.5392595E+02
   2 0.5424086E+02
   7 0.5470261E+02
   1 0.5383697E+02
   5 0.5448868E+02
   5 0.5464433E+02
   6 0.5475576E+02
   3 0.5430833E+02
   4 0.5471343E+02
   2 0.5466943E+02
   3 0.5486845E+02
   4 0.5467026E+02
   7 0.5437414E+02
   1 0.5427839E+02
   7 0.5437342E+02
   1 0.5352097E+02
   5 0.5404306E+02
   6 0.5420485E+02
   7 0.4866061E+02
   7 0.5325193E+02
   5 0.5385094E+02
   2 0.5440827E+02
   3 0.5461207E+02
   4 0.5483004E+02
   3 0.5364623E+02
   1 0.5432043E+02
   6 0.5444174E+02
   3 0.5447555E+02
   1 0.5469021E+02
   3 0.2827235E+02
   5 0.5449308E+02
   7 0.5381372E+02
   6 0.5352763E+02
   7 0.6949233E+01
   5 0.5498769E+02
   2 0.5474878E+02
   6 0.5344911E+02
   4 0.5430013E+02
   6 0.5388397E+02
   1 0.5431014E+02
   3 0.5427770E+02
   7 0.5463332E+02
   5 0.5377143E+02
   5 0.5175951E+02
   2 0.5480049E+02
   7 0.5419076E+02
   4 0.5383748E+02
   5 0.5455654E+02
   6 0.5462256E+02
   4 0.5379406E+02
   6 0.5438625E+02
   1 0.5417586E+02
   3 0.5442857E+02
   1 0.5473068E+02
   3 0.5345360E+02
   3 0.5570275E+02
   2 0.5438675E+02
   7 0.5416580E+02
   2 0.5469163E+02
   5 0.5454076E+02
   7 0.5519942E+02
   2 0.5510046E+02
   4 0.5499070E+02
   7 0.4792292E+02
   6 0.5421865E+02
   2 0.5376491E+02
   6 0.5523868E+02
   1 0.5441374E+02
   3 0.5467630E+02
   5 0.5417506E+02
   5 0.5445825E+02
   7 0.5516511E+02
   4 0.5375771E+02
   2 0.5414526E+02
   4 0.5455876E+02
   6 0.5459388E+02
   1 0.5424386E+02
   3 0.5423809E+02
   6 0.5368217E+02
   1 0.5355811E+02
   1 0.5418596E+02
   5 0.5389107E+02
   7 0.5458005E+02
   5 0.5549387E+02
   7 0.5477814E+02
   2 0.5400171E+02
   4 0.5472876E+02
   7 0.5448869E+02
   3 0.5444293E+02
   7 0.4159856E+02
   6 0.5441002E+02
   3 0.5390088E+02
   1 0.5407487E+02
   5 0.5410160E+02
   2 0.5431400E+02
   4 0.5439428E+02
   5 0.5372076E+02
   2 0.5465126E+02
   7 0.5373464E+02
   6 0.5473854E+02
   3 0.5433771E+02
   1 0.5395884E+02
  15 0.5463811E+02
   4 0.5483728E+02
   6 0.5446317E+02
   9 0.5453974E+02
  14 0.5551776E+02
  15 0.5436336E+02
   9 0.5445940E+02
   4 0.5436668E+02
   2 0.5378915E+02
  15 0.5531463E+02
   7 0.5440405E+02
   9 0.5413962E+02
   4 0.5407814E+02
  12 0.5382092E+02
   7 0.5534007E+02
  15 0.5443519E+02
  13 0.5417784E+02
   9 0.5417010E+02
   2 0.5487701E+02
   4 0.5488808E+02
  15 0.5349176E+02
   7 0.3532251E+02
   8 0.5410224E+02
  13 0.5494443E+02
   4 0.5458206E+02
   9 0.5458967E+02
  15 0.5419472E+02
   6 0.5469231E+02
  10 0.5441701E+02
  15 0.5438183E+02
   4 0.5399237E+02
   9 0.5467004E+02
   4 0.5469115E+02
  15 0.5397635E+02
   9 0.5406873E+02
   4 0.5435831E+02
   9 0.5478612E+02
  12 0.5428206E+02
   1 0.5404796E+02
   3 0.5427489E+02
  11 0.5416262E+02
   5 0.5391106E+02
  14 0.5446520E+02
   8 0.5398380E+02
   6 0.5409120E+02
  15 0.5300202E+02
   4 0.5399165E+02
   9 0.5461099E+02
   4 0.5459581E+02
   4 0.4679722E+02
  13 0.5497019E+02
   4 0.5533993E+02
   7 0.5466638E+02
  15 0.5538268E+02
   9 0.5451564E+02
  11 0.5469981E+02
   1 0.5368066E+02
   4 0.5376512E+02
  12 0.5444528E+02
  10 0.5492064E+02
  15 0.5459776E+02
   9 0.5465386E+02
   2 0.5448681E+02
  11 0.5535279E+02
   9 0.5421280E+02
   4 0.5536784E+02
   8 0.5371299E+02
  15 0.5503283E+02
   6 0.5449805E+02
   4 0.5419935E+02
   9 0.5481234E+02
  14 0.5420660E+02
   9 0.5361218E+02
   4 0.5350532E+02
  15 0.5514685E+02
  13 0.5402082E+02
   5 0.5463148E+02
  12 0.5469773E+02
   9 0.5472570E+02
   4 0.5472808E+02
  15 0.5506937E+02
   3 0.5447183E+02
   7 0.5476194E+02
   5 0.5404816E+02
   8 0.5440533E+02
   9 0.5464561E+02
  15 0.5510342E+02
   4 0.5479147E+02
   9 0.5423028E+02
   4 0.5420872E+02
  10 0.5437655E+02
   4 0.5394025E+02
   6 0.5403714E+02
  15 0.5457598E+02
   9 0.5405927E+02
   2 0.5421406E+02
   4 0.5381235E+02
   1 0.5416900E+02
   4 0.5528846E+02
  15 0.5417510E+02
  11 0.5464851E+02
  14 0.5492218E+02
   9 0.5429811E+02
  13 0.5402458E+02
   9 0.5439562E+02
   4 0.5432628E+02
   9 0.5417967E+02
  12 0.5415414E+02
  15 0.5442126E+02
   8 0.5481298E+02
   4 0.5451315E+02
   9 0.5458423E+02
  15 0.5454531E+02
   4 0.5347575E+02
   3 0.5375286E+02
   7 0.5464930E+02
   5 0.5421374E+02
   6 0.5399426E+02
  11 0.5354698E+02
  10 0.5408153E+02
   9 0.5452881E+02
  15 0.5452147E+02
   4 0.5468378E+02
   9 0.5435355E+02
  15 0.5416141E+02
  11 0.5257786E+02
   1 0.5420356E+02
  12 0.5402814E+02
  11 0.5495392E+02
   4 0.5429046E+02
   9 0.5474820E+02
  15 0.5383349E+02
   2 0.5457826E+02
  13 0.5414783E+02
   9 0.5517896E+02
   9 0.4857936E+02
  14 0.5437343E+02
   9 0.5387544E+02
  10 0.5455398E+02
   4 0.5454126E+02
  15 0.5394699E+02
   8 0.5422639E+02
   4 0.5436682E+02
   1 0.5405227E+02
  11 0.5475821E+02
  13 0.5499485E+02
   7 0.5429564E+02
   9 0.5429851E+02
   6 0.5468522E+02
   9 0.5426819E+02
  15 0.5419411E+02
   4 0.5460735E+02
   9 0.5471282E+02
  15 0.5457247E+02
   3 0.5414266E+02
   9 0.5490114E+02
   9 0.5395083E+02
   5 0.5512382E+02
   8 0.5376643E+02
  12 0.5404666E+02
   4 0.5460183E+02
  15 0.5444552E+02
  15 0.5543574E+02
   9 0.5479267E+02
   4 0.5452552E+02
  13 0.5503230E+02
  15 0.5436379E+02
  15 0.5488132E+02
   9 0.5413358E+02
   2 0.5439055E+02
   4 0.5500470E+02
  14 0.5402231E+02
  13 0.5498069E+02
   6 0.5489838E+02
  15 0.5471599E+02
  10 0.5442393E+02
   9 0.5448047E+02
  15 0.5499307E+02
   4 0.5498333E+02
  13 0.5551718E+02
   4 0.5358299E+02
   7 0.5487393E+02
  10 0.5432685E+02
   8 0.5413375E+02
   9 0.5412245E+02
  15 0.5387243E+02
   1 0.5340578E+02
  11 0.5405761E+02
  12 0.5414024E+02
   4 0.5396517E+02
   3 0.5441686E+02
   4 0.5504358E+02
   9 0.5421396E+02
  15 0.5365962E+02
   4 0.5331105E+02
   4 0.5443132E+02
   5 0.5489846E+02
   9 0.5439444E+02
  10 0.5519846E+02
   9 0.5484392E+02
   8 0.5417618E+02
   6 0.5418568E+02
  15 0.5399194E+02
  15 0.5458057E+02
   4 0.5374405E+02
   1 0.5479341E+02
  15 0.3692242E+02
   4 0.5430962E+02
   9 0.5476410E+02
   2 0.5419962E+02
  13 0.5486484E+02
  14 0.5449214E+02
  11 0.5429297E+02
   6 0.5453632E+02
  15 0.5493978E+02
   1 0.5460881E+02
  12 0.5417925E+02
   8 0.5438319E+02
   4 0.5444249E+02
   9 0.5475733E+02
   3 0.5450441E+02
   2 0.5426919E+02
  15 0.5511046E+02
   4 0.5475637E+02
   9 0.5461084E+02
   4 0.5391827E+02
  13 0.5400819E+02
   4 0.5319553E+02
   5 0.5393821E+02
   7 0.5444794E+02
  15 0.5439074E+02
   9 0.5410729E+02
   7 0.5538999E+02
  10 0.5457707E+02
  12 0.5321586E+02
   4 0.5353788E+02
  15 0.5486601E+02
  15 0.5471015E+02
   6 0.5454179E+02
   9 0.5425289E+02
   9 0.5474027E+02
   4 0.5422883E+02
   8 0.5428468E+02
  14 0.5409602E+02
   5 0.5478533E+02
  10 0.5456483E+02
  15 0.5433030E+02
   9 0.5470837E+02
   2 0.5441124E+02
  13 0.5478173E+02
   3 0.5457426E+02
   7 0.5436131E+02
  11 0.5476708E+02
   1 0.5444645E+02
  12 0.5406351E+02
   6 0.5434868E+02
  20 0.5311171E+02
   1 0.5460613E+02
   7 0.5424410E+02
  18 0.5479320E+02
   1 0.5374196E+02
  18 0.5550437E+02
   7 0.5490001E+02
  28 0.4548586E+02
  15 0.5474263E+02
  18 0.5432895E+02
  30 0.5605236E+02
  28 0.4461841E+02
  14 0.5440797E+02
  20 0.5422978E+02
  26 0.5516336E+02
   2 0.5454670E+02
  19 0.5542940E+02
  16 0.5379077E+02
  18 0.5405038E+02
  13 0.5413756E+02
   7 0.5497419E+02
  16 0.5378794E+02
  18 0.4622103E+02
   9 0.5429020E+02
   5 0.5461636E+02
   5 0.5449883E+02
   8 0.5462280E+02
  27 0.5457183E+02
  16 0.5381906E+02
  19 0.5470723E+02
  26 0.5487842E+02
  16 0.5503801E+02
  15 0.5374206E+02
  23 0.5475255E+02
  12 0.5426513E+02
   8 0.5436847E+02
  17 0.5398080E+02
   6 0.5401485E+02
   5 0.5426252E+02
  11 0.5477532E+02
  18 0.5420274E+02
  31 0.5413582E+02
  14 0.5426376E+02
  17 0.5475706E+02
   9 0.5429972E+02
   9 0.3110493E+02
   7 0.5404969E+02
  26 0.5391829E+02
   1 0.5365759E+02
  21 0.5414561E+02
  22 0.5452741E+02
  29 0.5464430E+02
  20 0.5406674E+02
  18 0.5410152E+02
  31 0.5475976E+02
  27 0.5486776E+02
   5 0.5454679E+02
  22 0.5019795E+02
  11 0.5377024E+02
  24 0.5544467E+02
   6 0.5447767E+02
  12 0.5427580E+02
  19 0.5423297E+02
   8 0.5481114E+02
  22 0.5509637E+02
   4 0.5436026E+02
  25 0.5506520E+02
   9 0.5465132E+02
  30 0.5355746E+02
  18 0.5424850E+02
  25 0.5434925E+02
   4 0.5475256E+02
  22 0.5407684E+02
   7 0.5503373E+02
  31 0.5377390E+02
  17 0.5405366E+02
  25 0.5420455E+02
  10 0.5470778E+02
   6 0.5499329E+02
  29 0.5423616E+02
  11 0.5379470E+02
  22 0.5477977E+02
  26 0.5398295E+02
   8 0.5420484E+02
   2 0.5481479E+02
   4 0.5418516E+02
  11 0.5337100E+02
   4 0.5463373E+02
   3 0.5399821E+02
   7 0.5486002E+02
  24 0.5530548E+02
  27 0.5460192E+02
  10 0.5501339E+02
   6 0.5208649E+02
  23 0.5430575E+02
  12 0.5442829E+02
  25 0.5396378E+02
   3 0.1728630E+02
  13 0.5380008E+02
   4 0.4797387E+02
  16 0.5518728E+02
  22 0.5360072E+02
  21 0.5392798E+02
  23 0.5522453E+02
   5 0.5416633E+02
  13 0.5400797E+02
   3 0.4385079E+02
   4 0.5404813E+02
  31 0.5452007E+02
  19 0.5423463E+02
  16 0.5515681E+02
  28 0.5452405E+02
  18 0.5385554E+02
  26 0.5463937E+02
   4 0.5498447E+02
  23 0.5439412E+02
   3 0.5502717E+02
   5 0.5473440E+02
  31 0.5420117E+02
  11 0.5411957E+02
  26 0.5440092E+02
   9 0.5484220E+02
  13 0.5458650E+02
  31 0.5433434E+02
   3 0.5528028E+02
   6 0.5381705E+02
  18 0.5499430E+02
  13 0.5504339E+02
  17 0.5465962E+02
  30 0.5434248E+02
   3 0.5442442E+02
  27 0.5425603E+02
  13 0.5386400E+02
   7 0.5412635E+02
  20 0.5437421E+02
  15 0.5440310E+02
   3 0.5423863E+02
  16 0.5476582E+02
  31 0.5557947E+02
   5 0.5430489E+02
  10 0.5463216E+02
  23 0.5403062E+02
  23 0.2473631E+02
   4 0.5414602E+02
  25 0.5434311E+02
  13 0.5441285E+02
  17 0.5516266E+02
  30 0.5479251E+02
  22 0.5424387E+02
  12 0.5426971E+02
  10 0.5378677E+02
  11 0.5471789E+02
  14 0.5523292E+02
  16 0.5493459E+02
  25 0.5451042E+02
  15 0.5586549E+02
  26 0.5423077E+02
  19 0.5463568E+02
  10 0.1750410E+02
  24 0.5408848E+02
   7 0.5550313E+02
   6 0.5488309E+02
  18 0.5458811E+02
   5 0.5420323E+02
   9 0.5393351E+02
  13 0.5390862E+02
  27 0.5454960E+02
   7 0.5479774E+02
  25 0.5326157E+02
   8 0.5419206E+02
   5 0.5431577E+02
   1 0.5466242E+02
  22 0.5428014E+02
  23 0.5499509E+02
   6 0.5472043E+02
   7 0.5512710E+02
   4 0.5331283E+02
  20 0.5464814E+02
  31 0.5479329E+02
  23 0.3999092E+02
  22 0.5457973E+02
  30 0.5450758E+02
  27 0.5425795E+02
  23 0.5449540E+02
   1 0.5457996E+02
   2 0.5473282E+02
  23 0.5426858E+02
  24 0.5366011E+02
   3 0.5399954E+02
  27 0.5372741E+02
  28 0.5397025E+02
  29 0.5419330E+02
  11 0.5414744E+02
  19 0.5459622E+02
  25 0.5497240E+02
  15 0.5461170E+02
  18 0.5469513E+02
  31 0.5412631E+02
  22 0.5409208E+02
  12 0.5441685E+02
  25 0.5492083E+02
  15 0.5363814E+02
   9 0.5511982E+02
  21 0.5409713E+02
  26 0.5429562E+02
  19 0.5537106E+02
  28 0.5530733E+02
  16 0.5444965E+02
  19 0.5400450E+02
  13 0.5406492E+02
   8 0.5428706E+02
   9 0.4271889E+02
   8 0.5183349E+02
   7 0.5434195E+02
   4 0.5406389E+02
  13 0.2344943E+02
   3 0.5472245E+02
  18 0.5422359E+02
  19 0.5376552E+02
   2 0.5416449E+02
   1 0.5431488E+02
  30 0.5485669E+02
  27 0.5384935E+02
  26 0.5507462E+02
  23 0.5377501E+02
  31 0.5380664E+02
   4 0.5421563E+02
  22 0.5373983E+02
  10 0.5424917E+02
   5 0.5414423E+02
  27 0.5454137E+02
  25 0.5494380E+02
  18 0.5386686E+02
   3 0.5411211E+02
  19 0.5439781E+02
  26 0.5388823E+02
   8 0.5498260E+02
   7 0.5434828E+02
   1 0.5464628E+02
   6 0.5452411E+02
  20 0.5418563E+02
  28 0.5439902E+02
  11 0.5484494E+02
  24 0.5427449E+02
  14 0.5415032E+02
   2 0.5450569E+02
  12 0.5448843E+02
  17 0.5478475E+02
   9 0.5394893E+02
  21 0.5426381E+02
  23 0.5393177E+02
  30 0.5468059E+02
  15 0.5391203E+02
  13 0.5443790E+02
  16 0.5419063E+02
  29 0.5432736E+02
  13 0.5416981E+02
  36 0.5471596E+02
  36 0.5474883E+02
  54 0.5854350E+01
  29 0.5501340E+02
  48 0.5428819E+02
  63 0.5401900E+02
  45 0.5444869E+02
  45 0.5492092E+02
  56 0.5467291E+02
  22 0.5456955E+02
  19 0.4137934E+02
  27 0.5434690E+02
  63 0.5434795E+02
  36 0.5451345E+02
  31 0.5485624E+02
   1 0.5501558E+02
  14 0.3323141E+02
  33 0.5458021E+02
  24 0.5477959E+02
  31 0.5426718E+02
  16 0.5416037E+02
  51 0.5397594E+02
  42 0.5471909E+02
  41 0.5454346E+02
  19 0.4956109E+02
  56 0.5501515E+02
  28 0.5422935E+02
  44 0.5489734E+02
  29 0.5457258E+02
  62 0.5447191E+02
  43 0.5404011E+02
  45 0.5267381E+02
  25 0.5433785E+02
  62 0.5529420E+02
  36 0.5525660E+02
   7 0.5382363E+02
  13 0.5464837E+02
  55 0.5409830E+02
  36 0.5495247E+02
  42 0.5454017E+02
  41 0.5416397E+02
  22 0.5402347E+02
  18 0.5430046E+02
  49 0.5463792E+02
  16 0.5398957E+02
  31 0.5411069E+02
  60 0.5409741E+02
  62 0.5484041E+02
  45 0.5482170E+02
   7 0.5363470E+02
  21 0.5428855E+02
  62 0.5485545E+02
  56 0.5452017E+02
  34 0.5424173E+02
  63 0.5421375E+02
  41 0.1097884E+02
  62 0.5418602E+02
  18 0.5455789E+02
  16 0.5403975E+02
  18 0.5378838E+02
  42 0.3491123E+02
  16 0.5477639E+02
  60 0.5495290E+02
  13 0.5334865E+02
  38 0.5484206E+02
  58 0.5398812E+02
  29 0.5429932E+02
  18 0.5430843E+02
  54 0.5472598E+02
  37 0.5415700E+02
  33 0.5436408E+02
  49 0.5481507E+02
  29 0.5404212E+02
   7 0.5380349E+02
  43 0.5444868E+02
  33 0.5452351E+02
  55 0.5446638E+02
  31 0.4692841E+02
  13 0.5472985E+02
  36 0.5457228E+02
  43 0.5391952E+02
  62 0.5342425E+02
  41 0.5506283E+02
  49 0.5430045E+02
  23 0.5458563E+02
  29 0.5444417E+02
   7 0.5428387E+02
  42 0.5402426E+02
  38 0.5453775E+02
  18 0.5419223E+02
   7 0.5487533E+02
  18 0.5486320E+02
  16 0.5423190E+02
  20 0.5405981E+02
  11 0.5387708E+02
  13 0.5436112E+02
  26 0.5424071E+02
   4 0.5376641E+02
  29 0.5409664E+02
  60 0.5438752E+02
   1 0.5384768E+02
  62 0.5407803E+02
  41 0.5437605E+02
  55 0.5488426E+02
  37 0.5435280E+02
  49 0.5389990E+02
  62 0.5474756E+02
  35 0.5476287E+02
  18 0.5378331E+02
  12 0.5399099E+02
  10 0.5494859E+02
  13 0.5537365E+02
  19 0.5442265E+02
  33 0.5476908E+02
  40 0.5407606E+02
  46 0.5416561E+02
   3 0.5501004E+02
  30 0.5508346E+02
  31 0.5488687E+02
  27 0.5380788E+02
  62 0.5476390E+02
  15 0.5396540E+02
  61 0.5423408E+02
  60 0.5407998E+02
  47 0.5398401E+02
  63 0.5418235E+02
  16 0.5422704E+02
  20 0.5446827E+02
  57 0.5487622E+02
  41 0.5462308E+02
   7 0.5501180E+02
  27 0.5544375E+02
  62 0.5542847E+02
  56 0.5394803E+02
  33 0.5380339E+02
  15 0.5448290E+02
  26 0.5431626E+02
  38 0.5386754E+02
  43 0.5435821E+02
  59 0.5494997E+02
  13 0.5497653E+02
  61 0.5486992E+02
  12 0.1301722E+02
  22 0.5426922E+02
   3 0.5421150E+02
  45 0.5423204E+02
  49 0.5439909E+02
  20 0.5507215E+02
  52 0.5452619E+02
  38 0.5435032E+02
  10 0.5457478E+02
   2 0.5378595E+02
  36 0.5449996E+02
  48 0.5405743E+02
  42 0.5468262E+02
  19 0.5421930E+02
   6 0.5426776E+02
  42 0.5458435E+02
  51 0.5452052E+02
   9 0.5470064E+02
  57 0.5310402E+02
  31 0.5517362E+02
  49 0.5473574E+02
  26 0.5003447E+02
   1 0.5477529E+02
  51 0.5532449E+02
  38 0.1249884E+02
   9 0.5497232E+02
  45 0.5450530E+02
  55 0.5397905E+02
  26 0.5429525E+02
  47 0.5377652E+02
  49 0.5504419E+02
   1 0.5507629E+02
  60 0.5402005E+02
   9 0.5437065E+02
  53 0.5445285E+02
  19 0.5440295E+02
  27 0.5468767E+02
  17 0.5514185E+02
  50 0.5513564E+02
  54 0.5384417E+02
  32 0.5449206E+02
  31 0.5477628E+02
  28 0.5468789E+02
   5 0.5451443E+02
  14 0.5423444E+02
  15 0.5442602E+02
  29 0.5380526E+02
  30 0.5442351E+02
  54 0.5446711E+02
  32 0.5455020E+02
  25 0.5460910E+02
  63 0.5434406E+02
  61 0.5443109E+02
  40 0.5409861E+02
  33 0.5398930E+02
   9 0.5435777E+02
  18 0.5381283E+02
  24 0.5427630E+02
  27 0.5472016E+02
  39 0.5469283E+02
   8 0.5471751E+02
  38 0.5387400E+02
  13 0.5437374E+02
  44 0.5444783E+02
  19 0.5382462E+02
  54 0.5479716E+02
  21 0.5514796E+02
  50 0.5382044E+02
  41 0.5500094E+02
  53 0.5417659E+02
  47 0.5493334E+02
  17 0.5468098E+02
   5 0.5390002E+02
   7 0.5441594E+02
   2 0.5437478E+02
  34 0.5421770E+02
  49 0.5482929E+02
  60 0.5503707E+02
  26 0.5415393E+02
  55 0.5512086E+02
  30 0.5480489E+02
  37 0.5389508E+02
   3 0.5434877E+02
  42 0.5440815E+02
  51 0.5453247E+02
  57 0.5452958E+02
  56 0.5445663E+02
  16 0.5378436E+02
  31 0.5406784E+02
  48 0.5378076E+02
  62 0.5485948E+02
  11 0.5477415E+02
  22 0.5433519E+02
  46 0.5483849E+02
  35 0.5455823E+02
   1 0.5412842E+02
   6 0.5427279E+02
  32 0.5449176E+02
  15 0.5429169E+02
  28 0.5411567E+02
  58 0.5378466E+02
  23 0.5469254E+02
  12 0.5439723E+02
  20 0.5378132E+02
  45 0.5432972E+02
  29 0.5464687E+02
  14 0.5473123E+02
   4 0.5436001E+02
  59 0.5375530E+02
  10 0.5512474E+02
  36 0.5466118E+02
  43 0.5514332E+02
  52 0.5431116E+02
 100 0.5402294E+02
  31 0.4438598E+02
  36 0.5456345E+02
  42 0.5374832E+02
 100 0.5447384E+02
  83 0.5430771E+02
  83 0.5431866E+02
  46 0.1667757E+02
  36 0.5443506E+02
  71 0.5453854E+02
 123 0.7038108E+01
   4 0.5270127E+02
 112 0.5471888E+02
  25 0.5242773E+02
  78 0.5481006E+02
  41 0.5492382E+02
  48 0.5551629E+02
  19 0.5538696E+02
  37 0.5402240E+02
  72 0.5398463E+02
 127 0.5521314E+02
 117 0.5389603E+02
  48 0.3568192E+01
  52 0.5500649E+02
  54 0.5463222E+02
 110 0.2982128E+02
 104 0.5268340E+02
  91 0.5511116E+02
 121 0.5454808E+02
  48 0.5424793E+02
 117 0.5420183E+02
 127 0.5348786E+02
  34 0.5486413E+02
 125 0.5469619E+02
  16 0.3757105E+02
  58 0.5515423E+02
 105 0.5437870E+02
  89 0.5390940E+02
  47 0.5430676E+02
 115 0.5445191E+02
 107 0.5417240E+02
  14 0.5322284E+02
  97 0.5404723E+02
  97 0.5427365E+02
  97 0.5345611E+02
  56 0.5473378E+02
  97 0.5500555E+02
  30 0.5506333E+02
 111 0.5430184E+02
  97 0.5349240E+02
   7 0.5481288E+02
  46 0.5497914E+02
  97 0.5177898E+02
 125 0.5432996E+02
 103 0.5465642E+02
  25 0.5461598E+02
  27 0.5477413E+02
  21 0.5434657E+02
  93 0.5380940E+02
   9 0.5458362E+02
 113 0.5469398E+02
  12 0.5491260E+02
  57 0.5449468E+02
  14 0.5480043E+02
 119 0.5402215E+02
  21 0.5508834E+02
  50 0.5469561E+02
 110 0.5478598E+02
 102 0.5331085E+02
 104 0.5472452E+02
  24 0.5395164E+02
  21 0.5329430E+02
 103 0.5413732E+02
 127 0.5483672E+02
 125 0.5428318E+02
  34 0.5473624E+02
  72 0.5505240E+02
  96 0.5427054E+02
 127 0.5510260E+02
 103 0.3973173E+02
 108 0.5450578E+02
 114 0.5369057E+02
  16 0.5380722E+02
  21 0.5556163E+02
  58 0.5380883E+02
 121 0.5459938E+02
  92 0.5440403E+02
  71 0.5397891E+02
   4 0.5407373E+02
  51 0.5403386E+02
  40 0.5317383E+02
  72 0.5458937E+02
  97 0.5348316E+02
  48 0.5445791E+02
  44 0.5419684E+02
  21 0.5429467E+02
 103 0.5453205E+02
  46 0.5578418E+02
  64 0.5430553E+02
  54 0.3369112E+02
   8 0.5339062E+02
  16 0.5469582E+02
 109 0.5430708E+02
  87 0.5399003E+02
 116 0.5366755E+02
 103 0.5456723E+02
 127 0.5461353E+02
  34 0.5440879E+02
 110 0.5561588E+02
  93 0.5499457E+02
 125 0.5513723E+02
  14 0.5393268E+02
 117 0.5541399E+02
  54 0.5491575E+02
  65 0.5365010E+02
  36 0.5441668E+02
  41 0.5389870E+02
 114 0.5393675E+02
  51 0.5467608E+02
  45 0.5406121E+02
 110 0.5460351E+02
  72 0.5456318E+02
  44 0.5498146E+02
  93 0.5384947E+02
  58 0.5364385E+02
  53 0.5418715E+02
  14 0.5354724E+02
  19 0.5441655E+02
  89 0.5420461E+02
  27 0.5398030E+02
  41 0.4911424E+02
 116 0.4603930E+02
  82 0.5380636E+02
 108 0.5365066E+02
 109 0.5008772E+02
  30 0.5343140E+02
 127 0.5478950E+02
 103 0.5443081E+02
  14 0.5437841E+02
  93 0.5440278E+02
  36 0.5521525E+02
 123 0.5417973E+02
  75 0.5413772E+02
  91 0.5427021E+02
 124 0.5409788E+02
 113 0.5425800E+02
 102 0.5446277E+02
   3 0.5500925E+02
  21 0.5474297E+02
  42 0.5426633E+02
  16 0.5445969E+02
 125 0.5408937E+02
 117 0.5410309E+02
  38 0.5479807E+02
  96 0.5385295E+02
  44 0.5479543E+02
  97 0.5456052E+02
  19 0.5439738E+02
  58 0.5213217E+02
  45 0.5485150E+02
  53 0.5464722E+02
  74 0.5435077E+02
  33 0.5455405E+02
  24 0.5421387E+02
  54 0.5451575E+02
  72 0.5385102E+02
 121 0.5462698E+02
 101 0.5408419E+02
  71 0.5439660E+02
  62 0.5478825E+02
 110 0.5455324E+02
 107 0.5461195E+02
  43 0.5483899E+02
  64 0.5430352E+02
  50 0.5427347E+02
  46 0.5381196E+02
  55 0.5415479E+02
  51 0.5424257E+02
  79 0.5458886E+02
   8 0.5488947E+02
   9 0.5480471E+02
 114 0.5398303E+02
 112 0.5376275E+02
  49 0.5469938E+02
  73 0.5394049E+02
  67 0.5452675E+02
  94 0.5457863E+02
  61 0.5374857E+02
  92 0.5467986E+02
  69 0.5443515E+02
  80 0.5399979E+02
  83 0.5437662E+02
  13 0.5436141E+02
  84 0.5425037E+02
 100 0.5452088E+02
  47 0.5411602E+02
 106 0.5387530E+02
  90 0.5421943E+02
  20 0.5357652E+02
  35 0.5378823E+02
  86 0.5415077E+02
  22 0.5412916E+02
  26 0.5453297E+02
  48 0.5417779E+02
  15 0.5375355E+02
  25 0.5399337E+02
  59 0.5472650E+02
  29 0.5407247E+02
  99 0.5454734E+02
  88 0.5447882E+02
  34 0.5475550E+02
 122 0.5416405E+02
  70 0.5446856E+02
  39 0.5427861E+02
  85 0.5355280E+02
  32 0.5406607E+02
 118 0.5400720E+02
  28 0.5497599E+02
  95 0.5445861E+02
  60 0.5418482E+02
  10 0.5398920E+02
  63 0.5393723E+02
  89 0.5401467E+02
  12 0.5427417E+02
   5 0.5410696E+02
 111 0.5337748E+02
 126 0.5419366E+02
  76 0.5430032E+02
  11 0.5404002E+02
  52 0.5445924E+02
  68 0.5398445E+02
  98 0.5400044E+02
   7 0.5414720E+02
  31 0.5455007E+02
  23 0.5422467E+02
  81 0.5397408E+02
  37 0.5385247E+02
  66 0.5453499E+02
 105 0.5394904E+02
   2 0.5445610E+02
  18 0.5447898E+02
  57 0.5472933E+02
  17 0.5465413E+02
 120 0.5448507E+02
  56 0.5454882E+02
  78 0.5425411E+02
 115 0.5437222E+02
  77 0.5426808E+02
   1 0.5400143E+02
   6 0.5395339E+02
 119 0.5424063E+02
 104 0.5409243E+02
  87 0.5442619E+02
   4 0.5476242E+02
  40 0.5450030E+02
  65 0.5488056E+02
