   1 0.7640244E+02
   1 0.4848222E+02
   1 0.7694764E+02
   1 0.7729090E+02
   1 0.7733673E+02
   1 0.7216742E+02
   1 0.7718090E+02
   1 0.7706755E+02
   1 0.7711852E+02
   1 0.7687952E+02
   1 0.7727114E+02
   1 0.7678086E+02
   1 0.7659235E+02
   1 0.7705198E+02
   1 0.7737198E+02
   1 0.7706422E+02
   1 0.7670257E+02
   1 0.7676690E+02
   1 0.4996686E+02
   1 0.7719845E+02
   1 0.7764193E+02
   1 0.7671851E+02
   1 0.7762808E+02
   1 0.7752381E+02
   1 0.7718808E+02
   1 0.7734179E+02
   1 0.7647773E+02
   1 0.7682280E+02
   1 0.7653921E+02
   1 0.7713575E+02
   1 0.7644128E+02
   1 0.7704767E+02
   1 0.7800209E+02
   1 0.7788114E+02
   1 0.7679926E+02
   1 0.7716315E+02
   1 0.7725789E+02
   1 0.7647086E+02
   1 0.7718059E+02
   1 0.7701369E+02
   1 0.7742647E+02
   1 0.7747295E+02
   1 0.7725570E+02
   1 0.7720356E+02
   1 0.7691624E+02
   1 0.7730920E+02
   1 0.7699475E+02
   1 0.7771930E+02
   1 0.7758257E+02
   1 0.7765797E+02
   1 0.7659509E+02
   1 0.7629286E+02
   1 0.7654305E+02
   1 0.7676165E+02
   1 0.7683236E+02
   1 0.7721867E+02
   1 0.7726247E+02
   1 0.7644492E+02
   1 0.7712829E+02
   1 0.7789974E+02
   1 0.7693555E+02
   1 0.7707944E+02
   1 0.7721435E+02
   1 0.7722280E+02
   1 0.7789739E+02
   1 0.7694966E+02
   1 0.7675122E+02
   1 0.7728247E+02
   1 0.7449211E+02
   1 0.7717974E+02
   1 0.7724902E+02
   1 0.7746613E+02
   1 0.7718620E+02
   1 0.7691171E+02
   1 0.7642858E+02
   1 0.7623941E+02
   1 0.7646926E+02
   1 0.7690561E+02
   1 0.7722286E+02
   1 0.7711437E+02
   1 0.7356644E+02
   1 0.7709391E+02
   1 0.6035527E+02
   1 0.7721978E+02
   1 0.7727119E+02
   1 0.7627838E+02
   1 0.2804599E+02
   1 0.7667983E+02
   1 0.7757257E+02
   1 0.7804211E+02
   1 0.7780847E+02
   1 0.7746863E+02
   1 0.7630852E+02
   1 0.7760504E+02
   1 0.7736905E+02
   1 0.7603741E+02
   1 0.7768409E+02
   1 0.7664523E+02
   1 0.7703851E+02
   1 0.7672290E+02
   1 0.7682516E+02
   1 0.7751534E+02
   1 0.7696947E+02
   1 0.7808438E+02
   1 0.7708709E+02
   1 0.7739136E+02
   1 0.7740594E+02
   1 0.7713005E+02
   1 0.7820990E+02
   1 0.7727463E+02
   1 0.7672713E+02
   1 0.7777344E+02
   1 0.7684385E+02
   1 0.7676364E+02
   1 0.7674800E+02
   1 0.7701310E+02
   1 0.7779386E+02
   1 0.7688523E+02
   1 0.3901243E+02
   1 0.7728286E+02
   1 0.7852182E+02
   1 0.7722204E+02
   1 0.7713269E+02
   1 0.7737486E+02
   1 0.7643037E+02
   1 0.7703762E+02
   1 0.7660300E+02
   1 0.7683803E+02
   1 0.7750337E+02
   1 0.7784946E+02
   1 0.7670564E+02
   1 0.7670326E+02
   1 0.7694745E+02
   1 0.7723826E+02
   1 0.7745744E+02
   1 0.7757419E+02
   1 0.7798526E+02
   1 0.7561460E+02
   1 0.7731534E+02
   1 0.7689019E+02
   1 0.7694664E+02
   1 0.7743216E+02
   1 0.7706503E+02
   1 0.7668894E+02
   1 0.4883700E+02
   1 0.7713861E+02
   1 0.5602872E+02
   1 0.7713184E+02
   1 0.7750182E+02
   1 0.7768004E+02
   1 0.7671172E+02
   1 0.7653392E+02
   1 0.7751949E+02
   1 0.7688846E+02
   1 0.7720306E+02
   1 0.7703052E+02
   1 0.7711707E+02
   1 0.7728897E+02
   1 0.7643095E+02
   1 0.7697856E+02
   1 0.7727854E+02
   1 0.7626615E+02
   1 0.7707176E+02
   1 0.7801631E+02
   1 0.7758181E+02
   1 0.4410864E+02
   1 0.7699340E+02
   1 0.7723880E+02
   1 0.7698930E+02
   1 0.7667767E+02
   1 0.7715605E+02
   1 0.7738976E+02
   1 0.7712655E+02
   1 0.7778427E+02
   1 0.7684885E+02
   1 0.7765560E+02
   1 0.2696800E+02
   1 0.2052833E+02
   1 0.7646753E+02
   1 0.7718991E+02
   1 0.7771877E+02
   1 0.7726970E+02
   1 0.7687699E+02
   1 0.7709499E+02
   1 0.7757228E+02
   1 0.7727936E+02
   1 0.3903510E+02
   1 0.7785502E+02
   1 0.7120722E+02
   1 0.7653342E+02
   1 0.7664851E+02
   1 0.7717376E+02
   1 0.7703690E+02
   1 0.7716718E+02
   1 0.7629991E+02
   1 0.7577072E+02
   1 0.7734682E+02
   1 0.7635083E+02
   1 0.7757279E+02
   1 0.7608464E+02
   1 0.7673482E+02
   1 0.7712765E+02
   1 0.7675273E+02
   1 0.7766593E+02
   1 0.7688569E+02
   1 0.7719115E+02
   1 0.7740025E+02
   1 0.7751289E+02
   1 0.7744717E+02
   1 0.7652801E+02
   1 0.7705985E+02
   1 0.7717890E+02
   1 0.7694382E+02
   1 0.7701334E+02
   1 0.7633514E+02
   1 0.7732330E+02
   1 0.7684506E+02
   1 0.7620574E+02
   1 0.7751690E+02
   1 0.7742616E+02
   1 0.7684770E+02
   1 0.6772502E+02
   1 0.5997413E+02
   1 0.7760007E+02
   1 0.7751469E+02
   1 0.7739301E+02
   1 0.4102066E+01
   1 0.7763706E+02
   1 0.7759001E+02
   1 0.7751766E+02
   1 0.7698239E+02
   1 0.7679921E+02
   1 0.7720555E+02
   1 0.7699842E+02
   1 0.7699133E+02
   1 0.7730348E+02
   1 0.7701828E+02
   1 0.7714878E+02
   1 0.7735917E+02
   1 0.7788915E+02
   1 0.7674544E+02
   1 0.7691433E+02
   1 0.7715677E+02
   1 0.7705583E+02
   1 0.6092367E+02
   1 0.7723288E+02
   1 0.7738979E+02
   1 0.7648993E+02
   1 0.7686467E+02
   1 0.7714216E+02
   1 0.7708628E+02
   1 0.7674723E+02
   1 0.7717801E+02
   1 0.7720519E+02
   1 0.7720406E+02
   1 0.7743592E+02
   1 0.7699781E+02
   1 0.7668941E+02
   1 0.7775974E+02
   1 0.7703814E+02
   1 0.7762424E+02
   1 0.7678744E+02
   1 0.7727611E+02
   1 0.7633982E+02
   1 0.7685176E+02
   1 0.7740827E+02
   1 0.7739640E+02
   1 0.7680103E+02
   1 0.7674474E+02
   1 0.7699229E+02
   1 0.7730076E+02
   1 0.7747240E+02
   1 0.7700018E+02
   1 0.7702058E+02
   1 0.7720293E+02
   1 0.7774318E+02
   1 0.7729077E+02
   1 0.7671614E+02
   1 0.7675572E+02
   1 0.7683446E+02
   1 0.7658319E+02
   1 0.7675311E+02
   1 0.7585974E+02
   1 0.7726455E+02
   1 0.7644907E+02
   1 0.6433267E+02
   1 0.7656487E+02
   1 0.7662380E+02
   1 0.7702767E+02
   1 0.7693316E+02
   1 0.7752488E+02
   1 0.7696827E+02
   1 0.7744669E+02
   1 0.7712773E+02
   1 0.5736654E+02
   1 0.7685359E+02
   1 0.7630961E+02
   1 0.7748064E+02
   1 0.7758857E+02
   1 0.7711964E+02
   1 0.7647426E+02
   1 0.7689687E+02
   1 0.3116152E+02
   1 0.7681741E+02
   1 0.7748940E+02
   1 0.7805067E+02
   1 0.7678530E+02
   1 0.6495662E+02
   1 0.7708630E+02
   1 0.7757120E+02
   1 0.7714164E+02
   1 0.7680641E+02
   1 0.7738603E+02
   1 0.7696802E+02
   1 0.7635970E+02
   1 0.7694143E+02
   1 0.7702448E+02
   1 0.7730973E+02
   1 0.7635847E+02
   1 0.7756883E+02
   1 0.7682855E+02
   1 0.7719853E+02
   1 0.7742097E+02
   1 0.7699418E+02
   1 0.7716982E+02
   1 0.7690391E+02
   1 0.7759356E+02
   1 0.4364217E+02
   1 0.7633120E+02
   1 0.7714120E+02
   1 0.7749711E+02
   1 0.7685950E+02
   1 0.7700850E+02
   1 0.7725878E+02
   1 0.7673901E+02
   1 0.7666250E+02
   1 0.7745736E+02
   1 0.7648722E+02
   1 0.7832285E+02
   1 0.7698758E+02
   1 0.7741571E+02
   1 0.7685041E+02
   1 0.7783931E+02
   1 0.7670463E+02
   1 0.7686618E+02
   1 0.7668848E+02
   1 0.7705436E+02
   1 0.7777103E+02
   1 0.5252034E+02
   1 0.7666296E+02
   1 0.7615907E+02
   1 0.7692251E+02
   1 0.7738775E+02
   1 0.7712614E+02
   1 0.6979150E+02
   1 0.7690627E+02
   1 0.7714090E+02
   1 0.7680014E+02
   1 0.7680611E+02
   1 0.7706132E+02
   1 0.7696231E+02
   1 0.7754046E+02
   1 0.7674164E+02
   1 0.7680950E+02
   1 0.7732808E+02
   1 0.7690176E+02
   1 0.7638475E+02
   1 0.7699145E+02
   1 0.1487196E+02
   1 0.7720661E+02
   1 0.7720818E+02
   1 0.7735935E+02
   1 0.5568797E+02
   1 0.7717041E+02
   1 0.7736574E+02
   1 0.7724302E+02
   1 0.7742142E+02
   1 0.7697465E+02
   1 0.7670062E+02
   1 0.7700162E+02
   1 0.7685265E+02
   1 0.7754355E+02
   1 0.7719525E+02
   1 0.7757113E+02
   1 0.7705309E+02
   1 0.7489731E+02
   1 0.7775003E+02
   1 0.7756694E+02
   1 0.7742286E+02
   1 0.7667158E+02
   1 0.7684149E+02
   1 0.7700550E+02
   1 0.7739819E+02
   1 0.7726744E+02
   1 0.7716759E+02
   1 0.7664425E+02
   1 0.5354247E+02
   1 0.7243933E+02
   1 0.7720650E+02
   1 0.7699375E+02
   1 0.3727063E+02
   1 0.7620733E+02
   1 0.7756204E+02
   1 0.7695655E+02
   1 0.7679101E+02
   1 0.7796360E+02
   1 0.7664278E+02
   1 0.7691067E+02
   1 0.7736753E+02
   1 0.7780754E+02
   1 0.7735821E+02
   1 0.7688237E+02
   1 0.7664116E+02
   1 0.7653757E+02
   1 0.7726152E+02
   1 0.7605474E+02
   1 0.7715786E+02
   1 0.7728195E+02
   1 0.7724632E+02
   1 0.7741101E+02
   1 0.7705199E+02
   1 0.7728033E+02
   1 0.7631113E+02
   1 0.7671990E+02
   1 0.4379056E+02
   1 0.7690534E+02
   1 0.7538982E+02
   1 0.7701058E+02
   1 0.7730085E+02
   1 0.7774353E+02
   1 0.7729954E+02
   1 0.3868840E+02
   1 0.7693397E+02
   1 0.7688941E+02
   1 0.7672718E+02
   1 0.7710151E+02
   1 0.7744256E+02
   1 0.7748663E+02
   1 0.7711452E+02
   1 0.7703519E+02
   1 0.7740746E+02
   1 0.7635698E+02
   1 0.7673562E+02
   1 0.7670184E+02
   1 0.7704650E+02
   1 0.7735644E+02
   1 0.7754228E+02
   1 0.7740000E+02
   1 0.7684736E+02
   1 0.7743255E+02
   1 0.7733224E+02
   1 0.7717008E+02
   1 0.7679412E+02
   1 0.7722214E+02
   1 0.7693241E+02
   1 0.7688979E+02
   1 0.7762085E+02
   1 0.7747535E+02
   1 0.7753116E+02
   1 0.7649468E+02
   1 0.7707955E+02
   1 0.7669049E+02
   1 0.7749643E+02
   1 0.7754573E+02
   1 0.7807451E+02
   1 0.7816157E+02
   1 0.7646946E+02
   1 0.7682247E+02
   1 0.7650380E+02
   1 0.7648064E+02
   1 0.7720356E+02
   1 0.7654409E+02
   1 0.7672481E+02
   1 0.7713067E+02
   1 0.7666843E+02
   1 0.7707408E+02
   1 0.7734308E+02
   1 0.7755464E+02
   1 0.7722829E+02
   1 0.7640345E+02
   1 0.7678706E+02
   1 0.7742445E+02
   1 0.7657073E+02
   1 0.7714462E+02
   1 0.6950301E+02
   1 0.7687117E+02
   1 0.7745034E+02
   1 0.7742959E+02
   1 0.7753798E+02
   1 0.7713648E+02
   1 0.7723897E+02
   1 0.7728463E+02
   1 0.7739597E+02
   1 0.3243720E+02
   1 0.7750425E+02
   1 0.7694398E+02
   1 0.7774895E+02
   1 0.7774626E+02
   1 0.7673310E+02
   1 0.7663921E+02
   1 0.7690660E+02
   1 0.7687270E+02
   1 0.7725516E+02
   1 0.7737463E+02
   1 0.7667980E+02
   1 0.7688382E+02
   1 0.7658989E+02
   1 0.7757209E+02
   1 0.7603903E+02
   1 0.7661110E+02
   1 0.7724992E+02
   1 0.7731021E+02
   1 0.7684837E+02
   3 0.7690970E+02
   3 0.7702353E+02
   1 0.7653516E+02
   1 0.6951016E+02
   1 0.7808248E+02
   3 0.7665350E+02
   2 0.7657758E+02
   3 0.7675794E+02
   2 0.7671277E+02
   1 0.7693406E+02
   3 0.7720647E+02
   1 0.7704042E+02
   2 0.7722861E+02
   2 0.7781712E+02
   1 0.7685507E+02
   3 0.7684597E+02
   1 0.7652551E+02
   1 0.7762130E+02
   3 0.7649782E+02
   3 0.3028544E+02
   2 0.7715450E+02
   1 0.7677222E+02
   2 0.7685345E+02
   2 0.7631253E+02
   2 0.7821790E+02
   3 0.7746863E+02
   2 0.7708382E+02
   1 0.7699589E+02
   2 0.5988833E+02
   3 0.7741292E+02
   1 0.7724539E+02
   3 0.7782293E+02
   3 0.7742807E+02
   3 0.7636618E+02
   3 0.5631073E+02
   2 0.7707829E+02
   2 0.7359800E+02
   1 0.7686451E+02
   1 0.7709481E+02
   3 0.7726858E+02
   1 0.7624756E+02
   2 0.7727214E+02
   1 0.7649143E+02
   2 0.7665414E+02
   2 0.7751505E+02
   3 0.7768456E+02
   3 0.7712459E+02
   3 0.7719906E+02
   1 0.7728230E+02
   3 0.7638047E+02
   2 0.7696407E+02
   1 0.7619738E+02
   2 0.6877234E+02
   3 0.7731620E+02
   1 0.7618888E+02
   3 0.7651337E+02
   1 0.7641325E+02
   3 0.7727783E+02
   1 0.7365311E+02
   3 0.7738421E+02
   2 0.7668538E+02
   3 0.7703525E+02
   2 0.7671282E+02
   3 0.4840921E+02
   3 0.7619915E+02
   1 0.7681798E+02
   3 0.7722080E+02
   1 0.7705844E+02
   1 0.7759619E+02
   2 0.7714022E+02
   3 0.7757425E+02
   3 0.7712662E+02
   1 0.7713775E+02
   1 0.4163923E+02
   2 0.7667806E+02
   1 0.7698081E+02
   1 0.7734655E+02
   1 0.7676275E+02
   3 0.7702107E+02
   3 0.1486496E+02
   1 0.7715141E+02
   3 0.7639511E+02
   1 0.7693319E+02
   2 0.7683426E+02
   1 0.3634613E+02
   3 0.7687984E+02
   2 0.7678972E+02
   3 0.7728136E+02
   1 0.7670249E+02
   2 0.7764426E+02
   1 0.7750075E+02
   2 0.7666744E+02
   2 0.7712760E+02
   2 0.7674965E+02
   3 0.7721663E+02
   1 0.7729253E+02
   2 0.7609685E+02
   3 0.7704110E+02
   1 0.7668035E+02
   2 0.7742436E+02
   1 0.1977567E+02
   2 0.7758474E+02
   1 0.7761245E+02
   3 0.7754006E+02
   2 0.7749932E+02
   1 0.7737401E+02
   2 0.7667502E+02
   3 0.7693180E+02
   1 0.7630059E+02
   3 0.7695105E+02
   1 0.7747849E+02
   3 0.7690693E+02
   1 0.7673850E+02
   2 0.7787095E+02
   3 0.7711039E+02
   1 0.7743575E+02
   2 0.7721971E+02
   3 0.7706567E+02
   3 0.7773849E+02
   1 0.7692940E+02
   3 0.7733621E+02
   1 0.7659705E+02
   2 0.7717510E+02
   3 0.7663760E+02
   3 0.7718165E+02
   3 0.7686257E+02
   1 0.7710783E+02
   3 0.7698340E+02
   1 0.7760054E+02
   2 0.7696278E+02
   1 0.7731206E+02
   2 0.7704718E+02
   1 0.7662182E+02
   2 0.7736485E+02
   1 0.6307100E+02
   3 0.7665764E+02
   1 0.7702231E+02
   1 0.7728510E+02
   1 0.7699585E+02
   2 0.7707158E+02
   1 0.5493035E+02
   3 0.7707749E+02
   2 0.7734941E+02
   2 0.7726282E+02
   1 0.7682947E+02
   2 0.7694821E+02
   3 0.7698156E+02
   1 0.7679628E+02
   1 0.7741505E+02
   1 0.5625869E+02
   2 0.7737131E+02
   3 0.7682463E+02
   2 0.7760168E+02
   3 0.7662900E+02
   1 0.7667128E+02
   1 0.7745978E+02
   3 0.7648986E+02
   1 0.7060648E+02
   3 0.4393641E+02
   1 0.7744291E+02
   3 0.7714422E+02
   2 0.7705589E+02
   1 0.7717205E+02
   2 0.7724855E+02
   1 0.5691166E+02
   1 0.7690215E+02
   2 0.7665790E+02
   3 0.7663820E+02
   3 0.7666433E+02
   3 0.7694196E+02
   1 0.7710804E+02
   2 0.7702648E+02
   2 0.7747193E+02
   3 0.7700626E+02
   3 0.6886091E+02
   3 0.7651668E+02
   1 0.7705516E+02
   3 0.7741149E+02
   3 0.7722544E+02
   2 0.7716173E+02
   1 0.7697880E+02
   2 0.7697961E+02
   1 0.7772957E+02
   2 0.7646378E+02
   1 0.7737564E+02
   1 0.7726359E+02
   3 0.7697343E+02
   2 0.7683810E+02
   1 0.7723850E+02
   3 0.7691586E+02
   1 0.7674187E+02
   2 0.7729800E+02
   3 0.7737987E+02
   1 0.7714892E+02
   3 0.7706716E+02
   1 0.7669073E+02
   2 0.7715407E+02
   1 0.4084420E+02
   1 0.7711945E+02
   3 0.7692069E+02
   3 0.7750551E+02
   2 0.7701648E+02
   2 0.7717341E+02
   3 0.7693640E+02
   1 0.7716784E+02
   2 0.7678386E+02
   3 0.7673691E+02
   1 0.7663163E+02
   2 0.7727825E+02
   3 0.7670721E+02
   3 0.7689679E+02
   1 0.7701294E+02
   2 0.7723734E+02
   2 0.7357867E+02
   2 0.7681058E+02
   2 0.7733378E+02
   3 0.7695560E+02
   1 0.7680216E+02
   3 0.7721860E+02
   3 0.7628828E+02
   2 0.7671036E+02
   1 0.7715406E+02
   3 0.7693910E+02
   2 0.7714194E+02
   1 0.7685249E+02
   2 0.7708589E+02
   2 0.7751574E+02
   2 0.7702210E+02
   2 0.6729877E+02
   3 0.7686994E+02
   2 0.7718003E+02
   1 0.7699852E+02
   1 0.7755325E+02
   3 0.7691129E+02
   3 0.7642416E+02
   2 0.7670070E+02
   3 0.7655234E+02
   1 0.7709031E+02
   3 0.7634887E+02
   2 0.7679290E+02
   2 0.7704080E+02
   2 0.5885038E+02
   1 0.7749883E+02
   3 0.7648227E+02
   2 0.7669309E+02
   2 0.7654272E+02
   2 0.7689492E+02
   1 0.7716456E+02
   3 0.7799082E+02
   1 0.7637754E+02
   3 0.7695683E+02
   2 0.7702791E+02
   1 0.7712798E+02
   1 0.7710509E+02
   3 0.7770477E+02
   2 0.7756288E+02
   1 0.7720036E+02
   3 0.7680405E+02
   1 0.7664256E+02
   2 0.7716395E+02
   3 0.7713071E+02
   2 0.7678625E+02
   3 0.7716361E+02
   2 0.7713818E+02
   3 0.7676595E+02
   1 0.7758955E+02
   1 0.7746620E+02
   1 0.7773675E+02
   2 0.7745977E+02
   2 0.7716171E+02
   3 0.7677187E+02
   2 0.7740608E+02
   2 0.7620572E+02
   3 0.7689348E+02
   2 0.7651870E+02
   3 0.7722373E+02
   1 0.7725042E+02
   2 0.7712752E+02
   1 0.6803110E+02
   1 0.5795188E+02
   1 0.7714510E+02
   3 0.7754579E+02
   2 0.7650032E+02
   3 0.7691094E+02
   2 0.7716935E+02
   1 0.7715675E+02
   3 0.7707092E+02
   2 0.7714455E+02
   1 0.7764227E+02
   3 0.7700610E+02
   3 0.7791674E+02
   1 0.7772264E+02
   3 0.7668467E+02
   2 0.7681949E+02
   3 0.7707164E+02
   3 0.7742359E+02
   3 0.7743995E+02
   1 0.7672756E+02
   2 0.7749520E+02
   3 0.7708957E+02
   1 0.7703488E+02
   2 0.7673259E+02
   2 0.7737307E+02
   3 0.7669071E+02
   1 0.7709392E+02
   3 0.7721101E+02
   1 0.7725966E+02
   2 0.7701547E+02
   3 0.7694868E+02
   3 0.7726513E+02
   3 0.3565307E+02
   1 0.7677036E+02
   2 0.7693444E+02
   1 0.7742112E+02
   1 0.7731596E+02
   1 0.7691186E+02
   3 0.7730092E+02
   3 0.7623170E+02
   2 0.7696514E+02
   2 0.7206920E+02
   3 0.7635232E+02
   2 0.7737916E+02
   1 0.7723718E+02
   2 0.7658412E+02
   2 0.7679059E+02
   3 0.7707417E+02
   2 0.7639462E+02
   3 0.7627668E+02
   2 0.7669619E+02
   1 0.7693933E+02
   3 0.7723959E+02
   2 0.7736763E+02
   1 0.7680300E+02
   2 0.7780781E+02
   3 0.7693828E+02
   3 0.7737885E+02
   3 0.7707517E+02
   1 0.7748219E+02
   2 0.7704285E+02
   1 0.6880934E+02
   1 0.2565704E+02
   1 0.7773703E+02
   1 0.7696909E+02
   1 0.3410529E+02
   3 0.7705458E+02
   1 0.7708290E+02
   2 0.7732246E+02
   3 0.7697681E+02
   3 0.7714544E+02
   2 0.7704890E+02
   1 0.7723221E+02
   3 0.7652361E+02
   2 0.7679423E+02
   3 0.7046922E+02
   3 0.7732786E+02
   1 0.7672704E+02
   2 0.7703453E+02
   2 0.7738037E+02
   1 0.7730932E+02
   3 0.7703739E+02
   3 0.7688229E+02
   1 0.7604978E+02
   3 0.7751457E+02
   1 0.7777802E+02
   2 0.7745770E+02
   3 0.7688328E+02
   2 0.7722351E+02
   3 0.7652168E+02
   3 0.7763397E+02
   1 0.7719664E+02
   3 0.7672630E+02
   1 0.7758043E+02
   1 0.7766649E+02
   2 0.7688672E+02
   2 0.7626209E+02
   3 0.7684473E+02
   3 0.7723599E+02
   1 0.7680330E+02
   3 0.7778832E+02
   2 0.7753242E+02
   1 0.7734075E+02
   2 0.7736894E+02
   1 0.7747055E+02
   3 0.7713372E+02
   2 0.7673999E+02
   1 0.7710797E+02
   3 0.7707017E+02
   3 0.7724163E+02
   1 0.7669495E+02
   2 0.7749238E+02
   1 0.7779857E+02
   2 0.7692618E+02
   1 0.7695326E+02
   3 0.7729837E+02
   1 0.7668948E+02
   2 0.7681116E+02
   3 0.7732456E+02
   3 0.7750696E+02
   1 0.7739475E+02
   2 0.7698124E+02
   1 0.7654305E+02
   1 0.7719563E+02
   3 0.7678766E+02
   1 0.7721965E+02
   3 0.7702299E+02
   2 0.7701326E+02
   3 0.1697046E+02
   3 0.7746270E+02
   1 0.7647357E+02
   1 0.7740056E+02
   2 0.7739871E+02
   1 0.7688496E+02
   1 0.7710681E+02
   2 0.7718451E+02
   3 0.7747014E+02
   1 0.7812815E+02
   1 0.7759234E+02
   3 0.7620739E+02
   2 0.7715608E+02
   1 0.7611772E+02
   1 0.7663813E+02
   1 0.7669021E+02
   1 0.7767479E+02
   3 0.7778193E+02
   2 0.7681886E+02
   1 0.7661454E+02
   3 0.7741263E+02
   1 0.7714153E+02
   3 0.7763269E+02
   1 0.7737861E+02
   3 0.7755444E+02
   3 0.7649840E+02
   1 0.7659617E+02
   1 0.3271004E+02
   2 0.7742642E+02
   1 0.7372645E+02
   1 0.7768169E+02
   1 0.7551382E+02
   3 0.7678937E+02
   2 0.7694090E+02
   3 0.7692597E+02
   2 0.7713736E+02
   1 0.7747290E+02
   2 0.7698101E+02
   1 0.7688958E+02
   1 0.7675652E+02
   3 0.7742036E+02
   3 0.7682216E+02
   2 0.7705199E+02
   3 0.7687660E+02
   3 0.7201459E+02
   2 0.7673268E+02
   1 0.7720311E+02
   3 0.7560960E+02
   2 0.7777259E+02
   1 0.7594862E+02
   3 0.7670116E+02
   2 0.7792491E+02
   1 0.7727006E+02
   3 0.7759763E+02
   1 0.7727600E+02
   3 0.7669478E+02
   2 0.7725549E+02
   2 0.7683363E+02
   1 0.7718803E+02
   3 0.7704972E+02
   3 0.7695815E+02
   3 0.7761874E+02
   2 0.7682327E+02
   2 0.7702367E+02
   3 0.7674981E+02
   1 0.7660966E+02
   2 0.7735173E+02
   1 0.7661581E+02
   3 0.7725625E+02
   3 0.7767310E+02
   2 0.7671743E+02
   3 0.7712621E+02
   2 0.7729712E+02
   1 0.7717580E+02
   1 0.7680543E+02
   3 0.7643766E+02
   3 0.7713928E+02
   2 0.7726751E+02
   1 0.7700113E+02
   3 0.7675753E+02
   2 0.7655432E+02
   1 0.7711948E+02
   3 0.7737751E+02
   3 0.7773311E+02
   2 0.7791689E+02
   3 0.3573090E+02
   1 0.7681992E+02
   2 0.7686675E+02
   3 0.7712954E+02
   1 0.7741728E+02
   3 0.7765743E+02
   1 0.7755562E+02
   3 0.7694298E+02
   3 0.7810270E+02
   3 0.7684970E+02
   2 0.7726262E+02
   1 0.7693000E+02
   1 0.7704193E+02
   3 0.7643996E+02
   2 0.7727372E+02
   3 0.7783980E+02
   2 0.7837776E+02
   1 0.7729237E+02
   3 0.7731655E+02
   2 0.7711958E+02
   2 0.7798375E+02
   6 0.7788373E+02
   2 0.3668663E+02
   3 0.7704296E+02
   7 0.7644339E+02
   6 0.7649255E+02
   3 0.7696874E+02
   5 0.7669624E+02
   4 0.7724626E+02
   3 0.7690122E+02
   4 0.7676225E+02
   3 0.7785460E+02
   2 0.7735996E+02
   3 0.7709457E+02
   7 0.7706883E+02
   1 0.7664762E+02
   4 0.7690204E+02
   6 0.7710375E+02
   7 0.7722242E+02
   2 0.7695452E+02
   5 0.7674519E+02
   3 0.7645533E+02
   6 0.7730131E+02
   6 0.2410209E+02
   2 0.7640906E+02
   4 0.7653669E+02
   3 0.7672326E+02
   1 0.7708581E+02
   2 0.7763761E+02
   2 0.2364878E+02
   7 0.7695665E+02
   7 0.4538706E+02
   1 0.7645482E+02
   5 0.7717786E+02
   2 0.7727256E+02
   6 0.7734035E+02
   5 0.7718794E+02
   4 0.7717576E+02
   3 0.7765791E+02
   6 0.7663560E+02
   4 0.6627465E+02
   2 0.7686313E+02
   4 0.7641156E+02
   7 0.7673860E+02
   4 0.3798270E+02
   1 0.7707803E+02
   6 0.7605810E+02
   3 0.7703542E+02
   2 0.7674876E+02
   5 0.7745484E+02
   6 0.7738723E+02
   3 0.7747798E+02
   1 0.7658407E+02
   6 0.7726088E+02
   1 0.7767152E+02
   6 0.7790274E+02
   3 0.7709429E+02
   1 0.6663116E+02
   7 0.7704590E+02
   1 0.2603462E+02
   4 0.7696171E+02
   6 0.7648044E+02
   7 0.7696015E+02
   2 0.7716095E+02
   5 0.7725196E+02
   2 0.6414459E+02
   7 0.7751893E+02
   1 0.7644583E+02
   7 0.7818690E+02
   4 0.7684960E+02
   3 0.7685359E+02
   4 0.7778663E+02
   1 0.7718959E+02
   1 0.7095476E+02
   2 0.7649634E+02
   3 0.7717143E+02
   6 0.7700833E+02
   1 0.7706115E+02
   5 0.7709938E+02
   2 0.7713008E+02
   3 0.7722851E+02
   7 0.7716517E+02
   2 0.7752478E+02
   4 0.7708469E+02
   7 0.7759048E+02
   5 0.7644456E+02
   3 0.7759970E+02
   6 0.7690176E+02
   4 0.7723493E+02
   7 0.3116734E+02
   1 0.7699916E+02
   4 0.2260485E+02
   6 0.7684672E+02
   3 0.7637759E+02
   3 0.7741077E+02
   1 0.7599787E+02
   2 0.7772520E+02
   5 0.7724947E+02
   4 0.7663778E+02
   2 0.7751487E+02
   3 0.7694427E+02
   7 0.7739253E+02
   2 0.7727909E+02
   4 0.7626955E+02
   6 0.7712722E+02
   4 0.6759297E+02
   1 0.7696834E+02
   2 0.7707538E+02
   6 0.7708136E+02
   5 0.7730359E+02
   5 0.7705866E+02
   3 0.7764531E+02
   7 0.7699348E+02
   5 0.7718361E+02
   4 0.7689018E+02
   5 0.7777481E+02
   4 0.7808059E+02
   7 0.7675097E+02
   1 0.7729053E+02
   7 0.7583189E+02
   2 0.7707601E+02
   5 0.7597125E+02
   6 0.7724666E+02
   3 0.7698576E+02
   3 0.7714016E+02
   5 0.7667831E+02
   3 0.3550818E+02
   4 0.7716427E+02
   1 0.7686659E+02
   5 0.7633043E+02
   5 0.6865415E+02
   7 0.7698567E+02
   2 0.7670357E+02
   6 0.7763607E+02
   3 0.7653648E+02
   4 0.7685059E+02
   6 0.7635548E+02
   3 0.7670787E+02
   1 0.7708585E+02
   4 0.7719013E+02
   6 0.7649543E+02
   1 0.7756980E+02
   6 0.2812862E+02
   5 0.7674345E+02
   7 0.7705079E+02
   2 0.7728440E+02
   3 0.7721776E+02
   1 0.7684377E+02
   3 0.7674842E+02
   4 0.7718970E+02
   1 0.7599028E+02
   4 0.7636158E+02
   6 0.7705993E+02
   1 0.7757192E+02
   7 0.7703201E+02
   5 0.7773945E+02
   2 0.7689486E+02
   3 0.7714128E+02
   6 0.7707743E+02
   1 0.7703137E+02
   6 0.7710744E+02
   5 0.7669924E+02
   4 0.7698998E+02
   3 0.7707147E+02
   6 0.4585324E+02
   6 0.5123229E+02
   1 0.7730831E+02
   7 0.7701710E+02
   6 0.7776918E+02
   5 0.7755993E+02
   2 0.7708749E+02
   4 0.7674773E+02
   3 0.7624915E+02
   2 0.7718270E+02
   3 0.7663401E+02
   4 0.7641644E+02
   1 0.7728070E+02
   5 0.7623480E+02
   7 0.7638154E+02
   6 0.7763374E+02
   2 0.7726097E+02
   3 0.7702481E+02
   4 0.7721655E+02
   1 0.7691323E+02
   5 0.7663795E+02
   3 0.7679046E+02
   4 0.7731881E+02
   7 0.7705527E+02
   6 0.7715359E+02
   2 0.7684949E+02
   3 0.7750875E+02
   7 0.7805012E+02
   6 0.5932842E+02
   1 0.7680303E+02
   6 0.7703410E+02
   1 0.7153867E+02
   3 0.7700065E+02
   5 0.7736027E+02
   6 0.7746292E+02
   2 0.7712834E+02
   4 0.7674682E+02
   6 0.7659644E+02
   7 0.7702174E+02
   6 0.7720777E+02
   2 0.7676750E+02
   1 0.7695509E+02
   7 0.7656868E+02
   6 0.7675892E+02
   2 0.7751780E+02
   3 0.7702488E+02
   5 0.7675870E+02
   2 0.7415051E+02
   1 0.7706807E+02
   4 0.7727224E+02
   1 0.7753824E+02
   6 0.7695838E+02
   2 0.7768915E+02
   4 0.7737437E+02
   1 0.7708057E+02
   7 0.7732831E+02
   7 0.9001592E+01
   3 0.7626189E+02
   4 0.7709433E+02
   7 0.7638654E+02
   5 0.7666917E+02
   6 0.7698334E+02
   4 0.7628374E+02
   7 0.7768104E+02
   1 0.7677768E+02
   2 0.7720028E+02
   5 0.7687776E+02
   5 0.6966968E+02
   3 0.7718157E+02
   1 0.7718371E+02
   1 0.7748703E+02
   6 0.7670338E+02
   6 0.4433732E+02
   4 0.7688153E+02
   6 0.7712002E+02
   7 0.7724688E+02
   2 0.7717059E+02
   1 0.7638464E+02
   2 0.5235842E+02
   4 0.7821557E+02
   5 0.7753914E+02
   3 0.7773748E+02
   5 0.3722546E+02
   1 0.7721869E+02
   2 0.7684806E+02
   6 0.7708308E+02
   1 0.7754929E+02
   7 0.7732323E+02
   2 0.7776902E+02
   1 0.7705111E+02
   2 0.7435236E+02
   2 0.7748813E+02
   4 0.7721017E+02
   6 0.7695920E+02
   3 0.7723012E+02
   7 0.7625975E+02
   5 0.7704802E+02
   1 0.7651835E+02
   5 0.7742129E+02
   1 0.7689696E+02
   2 0.7670523E+02
   7 0.7620554E+02
   3 0.7663641E+02
   2 0.7752011E+02
   3 0.7775683E+02
   5 0.7704617E+02
   7 0.7833885E+02
   4 0.7701892E+02
   3 0.7771187E+02
   6 0.7726567E+02
   7 0.7781044E+02
   1 0.7723189E+02
   4 0.7720908E+02
   3 0.7650455E+02
   1 0.6871130E+02
   2 0.7737752E+02
   7 0.7706641E+02
   5 0.7732826E+02
   2 0.7655555E+02
   6 0.7749046E+02
   3 0.7688469E+02
   4 0.7705936E+02
   3 0.7668292E+02
   1 0.7722131E+02
   4 0.7812361E+02
   3 0.7706068E+02
   1 0.7700356E+02
   7 0.7727824E+02
   5 0.7769266E+02
   2 0.7708185E+02
   7 0.7784088E+02
   6 0.7662309E+02
   3 0.7744094E+02
   4 0.7774772E+02
   2 0.7684591E+02
   6 0.7545375E+02
   1 0.7695134E+02
   4 0.7619950E+02
   1 0.7790461E+02
   5 0.7750367E+02
   7 0.7707692E+02
   1 0.7672672E+02
   5 0.7688647E+02
   3 0.7709374E+02
   4 0.7710748E+02
   7 0.7727544E+02
   2 0.7772152E+02
   6 0.7723761E+02
   5 0.7679698E+02
   1 0.7659227E+02
   7 0.7697583E+02
   3 0.7739128E+02
   1 0.7707354E+02
   4 0.7720599E+02
   1 0.7765116E+02
   1 0.7723048E+02
   2 0.7707436E+02
   6 0.7690306E+02
   1 0.3633611E+02
   5 0.7711452E+02
   7 0.7665599E+02
   3 0.7722351E+02
   4 0.7703068E+02
   3 0.7414178E+02
   3 0.7697660E+02
   4 0.7745053E+02
   3 0.7688338E+02
   2 0.7743068E+02
   6 0.7697001E+02
   1 0.7678848E+02
   5 0.7707340E+02
   6 0.7851074E+02
   7 0.7728191E+02
   2 0.7702096E+02
   5 0.7681852E+02
   6 0.7751431E+02
   1 0.7641980E+02
   4 0.7715388E+02
   3 0.7713935E+02
   6 0.7733195E+02
   3 0.6981125E+02
   7 0.7728501E+02
   7 0.7768450E+02
   2 0.7723237E+02
   6 0.7685991E+02
   5 0.7656324E+02
   3 0.7652790E+02
   2 0.4891466E+02
   5 0.7778978E+02
   1 0.7727380E+02
   4 0.7757455E+02
   5 0.7824130E+02
   3 0.7752905E+02
   1 0.7790031E+02
   5 0.6088858E+02
   3 0.6992223E+02
   2 0.7660321E+02
   7 0.7744596E+02
   6 0.7740232E+02
   3 0.7633190E+02
   7 0.7675741E+02
   2 0.7668860E+02
   6 0.7760659E+02
   7 0.7729881E+02
   4 0.7710975E+02
   2 0.7729931E+02
   6 0.7770069E+02
   1 0.7749125E+02
   5 0.7698260E+02
   6 0.7791354E+02
   5 0.7709365E+02
   3 0.7731593E+02
   3 0.7791316E+02
   7 0.7703988E+02
   4 0.7711956E+02
   2 0.7702135E+02
   3 0.7664796E+02
   4 0.7673505E+02
   7 0.7702888E+02
   1 0.7667816E+02
   6 0.7713819E+02
   3 0.7632740E+02
   5 0.7708479E+02
   2 0.7690984E+02
   6 0.7629863E+02
   1 0.7652000E+02
   6 0.7708215E+02
   1 0.7728031E+02
   6 0.7639254E+02
   7 0.7763004E+02
   4 0.7680590E+02
   3 0.7696646E+02
   5 0.7724541E+02
   1 0.7652017E+02
   3 0.7625522E+02
   2 0.7702344E+02
   5 0.7795971E+02
   6 0.7612984E+02
   4 0.7721041E+02
   1 0.7624997E+02
   4 0.7783890E+02
   3 0.7646807E+02
   7 0.7708386E+02
   1 0.7694082E+02
   2 0.7641074E+02
   1 0.7708785E+02
   6 0.7707966E+02
   5 0.7717497E+02
   1 0.7746918E+02
   4 0.7724891E+02
   6 0.7690864E+02
   3 0.7674022E+02
   7 0.7676451E+02
   1 0.7797320E+02
   3 0.7748236E+02
   2 0.7677943E+02
   4 0.7695487E+02
   1 0.7751513E+02
   1 0.3214885E+02
   5 0.7743730E+02
   4 0.7685858E+02
   6 0.7731708E+02
   5 0.7720283E+02
   7 0.7763517E+02
   7 0.7706364E+02
   3 0.7690437E+02
   6 0.7712853E+02
   2 0.7751791E+02
   1 0.7741858E+02
   7 0.7731224E+02
   4 0.7749031E+02
   1 0.7746249E+02
   3 0.7633976E+02
   5 0.7739483E+02
   6 0.7705150E+02
   4 0.7739077E+02
   3 0.7879782E+02
   5 0.3932163E+02
   2 0.7715785E+02
   6 0.7707389E+02
   2 0.7739863E+02
   5 0.7711680E+02
   7 0.7719898E+02
   4 0.7697212E+02
   7 0.7772472E+02
   1 0.7737298E+02
   4 0.7401864E+02
   3 0.7757729E+02
   5 0.7731056E+02
   3 0.7775612E+02
   6 0.7767919E+02
   5 0.7700508E+02
   2 0.7717502E+02
   6 0.7717118E+02
   3 0.7725831E+02
   6 0.7668525E+02
   1 0.7694080E+02
   2 0.7709187E+02
   7 0.7734812E+02
   4 0.7687015E+02
   2 0.5822360E+02
   5 0.7702528E+02
   6 0.7664353E+02
   1 0.7706466E+02
   3 0.7716748E+02
   2 0.7689623E+02
   3 0.7663820E+02
   7 0.7737203E+02
   4 0.7745189E+02
   2 0.7636602E+02
   3 0.7734330E+02
   2 0.7792057E+02
   5 0.7739041E+02
   6 0.7696555E+02
   1 0.7743850E+02
   7 0.7693628E+02
   4 0.7684268E+02
   6 0.7746727E+02
   1 0.7760298E+02
   7 0.3099469E+02
   3 0.7674939E+02
   6 0.7603830E+02
   7 0.7729777E+02
   5 0.7669186E+02
   3 0.7711048E+02
   2 0.7667009E+02
   7 0.7710109E+02
   4 0.7715408E+02
   1 0.7718003E+02
   7 0.7741083E+02
   2 0.7706625E+02
   6 0.7700302E+02
   5 0.7682728E+02
   3 0.7739430E+02
   3 0.5873001E+02
   5 0.7691632E+02
   4 0.7701771E+02
   1 0.7700729E+02
   7 0.7742974E+02
   4 0.5861292E+02
   2 0.7665585E+02
   5 0.7792945E+02
   6 0.7740816E+02
   4 0.7763370E+02
   1 0.7784112E+02
   2 0.7677667E+02
   7 0.7670104E+02
   3 0.7705777E+02
  15 0.6354949E+02
  12 0.7290746E+02
  11 0.4655037E+02
   5 0.5834833E+02
  10 0.7725733E+02
   9 0.7718658E+02
  14 0.7728912E+02
  10 0.7606776E+02
   6 0.7693293E+02
  12 0.7664512E+02
   3 0.7719434E+02
   2 0.7695526E+02
   5 0.7762038E+02
  11 0.7674688E+02
  10 0.7673885E+02
   8 0.7664203E+02
   6 0.7729403E+02
   7 0.7710781E+02
  13 0.7697257E+02
  12 0.7676764E+02
   9 0.7608627E+02
   8 0.7791957E+02
  11 0.7721404E+02
   5 0.7680365E+02
   2 0.7752342E+02
   1 0.7739499E+02
   9 0.2293288E+02
  13 0.7648875E+02
  11 0.7740289E+02
  13 0.5123279E+02
   7 0.7720124E+02
  13 0.4932441E+02
  14 0.7685741E+02
   9 0.7663121E+02
   4 0.7766727E+02
   1 0.7663358E+02
   8 0.7688866E+02
  13 0.7612560E+02
  11 0.7597052E+02
  13 0.7683177E+02
  14 0.7642384E+02
   1 0.7665123E+02
   5 0.7692916E+02
  13 0.7737119E+02
   1 0.3881974E+02
  14 0.3330387E+02
  15 0.7701550E+02
  11 0.7749493E+02
  10 0.7729339E+02
   8 0.7658350E+02
   7 0.7735323E+02
   5 0.7727411E+02
  10 0.7779050E+02
   3 0.7668150E+02
  12 0.7712215E+02
  15 0.7694958E+02
   5 0.7782141E+02
  10 0.7702922E+02
   2 0.7684784E+02
  12 0.7767672E+02
   3 0.7693219E+02
   6 0.7720480E+02
  13 0.7695115E+02
  15 0.7732462E+02
   5 0.7713803E+02
   6 0.7764875E+02
  15 0.6553496E+02
   1 0.7698140E+02
   4 0.7718570E+02
  13 0.7702019E+02
  15 0.6823279E+02
  11 0.7709886E+02
  14 0.7717072E+02
   1 0.7735223E+02
   4 0.7696342E+02
   4 0.3161634E+01
   5 0.7681842E+02
   9 0.7735416E+02
  15 0.7787531E+02
  12 0.7699290E+02
   4 0.7758903E+02
  11 0.7725635E+02
   8 0.7694973E+02
  12 0.7696687E+02
   1 0.7691257E+02
   6 0.7676396E+02
  13 0.7682570E+02
   7 0.7709948E+02
   8 0.7728436E+02
   6 0.7813967E+02
   5 0.7679566E+02
   9 0.7668643E+02
  10 0.7717092E+02
   8 0.7717786E+02
   2 0.7720231E+02
   6 0.7715549E+02
  14 0.7708405E+02
   4 0.7635600E+02
   7 0.7709871E+02
   6 0.7415515E+02
   3 0.7701712E+02
  12 0.7690160E+02
   4 0.6885439E+02
  10 0.7737293E+02
   1 0.7698037E+02
   9 0.7709498E+02
   1 0.7732874E+02
   8 0.7666784E+02
  13 0.7714235E+02
   4 0.7722270E+02
   2 0.7702834E+02
  10 0.7676026E+02
   3 0.7667224E+02
   7 0.7688218E+02
  14 0.7684995E+02
  11 0.7730089E+02
   2 0.7662505E+02
   7 0.7752562E+02
   9 0.7656626E+02
  12 0.7723531E+02
  13 0.7715640E+02
  15 0.7707574E+02
   7 0.7760387E+02
   1 0.7705235E+02
  12 0.7710092E+02
   4 0.7686248E+02
   9 0.7673288E+02
   1 0.7744693E+02
   7 0.7727991E+02
   4 0.7685864E+02
   5 0.7710133E+02
   1 0.7660916E+02
   2 0.7714296E+02
  12 0.7706500E+02
   2 0.7704861E+02
   7 0.7743938E+02
  14 0.7702799E+02
   1 0.7759130E+02
   9 0.7656059E+02
   8 0.7679293E+02
  12 0.7805175E+02
   1 0.7126419E+02
   5 0.7626197E+02
   6 0.7718374E+02
  10 0.7694136E+02
   2 0.7602427E+02
   1 0.7739575E+02
  11 0.7731467E+02
   6 0.7747615E+02
   2 0.7749049E+02
   9 0.7632400E+02
   8 0.7649997E+02
   4 0.7680195E+02
   2 0.7731363E+02
   1 0.7661074E+02
   3 0.7718072E+02
  13 0.7714842E+02
   8 0.7660102E+02
  11 0.7675787E+02
   1 0.7777236E+02
  12 0.7677849E+02
   3 0.7722090E+02
   1 0.7730112E+02
  12 0.7764806E+02
  15 0.7718881E+02
  14 0.7738887E+02
  12 0.7709541E+02
  13 0.7690246E+02
   4 0.7739182E+02
   2 0.7706214E+02
   2 0.7739016E+02
  12 0.7658153E+02
  15 0.7657707E+02
   2 0.7689642E+02
   7 0.7719121E+02
  10 0.7691841E+02
  12 0.7741916E+02
   1 0.7729205E+02
  13 0.7648883E+02
  15 0.7712455E+02
   1 0.7677789E+02
   5 0.7702302E+02
   2 0.7713868E+02
   4 0.7709842E+02
   1 0.7748063E+02
  13 0.7756006E+02
   4 0.7547623E+02
   6 0.7685432E+02
  10 0.7712100E+02
   9 0.7720774E+02
  14 0.7753748E+02
  11 0.7680353E+02
   4 0.7693405E+02
   8 0.7649872E+02
   5 0.7767520E+02
  10 0.7332568E+02
   1 0.7634477E+02
  14 0.7706324E+02
  15 0.7744923E+02
   2 0.7649065E+02
  13 0.7738554E+02
   8 0.7725083E+02
  12 0.7729076E+02
   4 0.7660242E+02
   3 0.7732091E+02
  14 0.7734608E+02
   9 0.7628011E+02
   4 0.7645284E+02
  13 0.7741759E+02
   3 0.7736046E+02
  15 0.7633955E+02
  14 0.7662229E+02
   1 0.7729487E+02
   9 0.7766481E+02
  15 0.7779203E+02
   2 0.7663254E+02
  12 0.7670133E+02
  13 0.7616597E+02
  12 0.2654098E+02
   3 0.7699657E+02
   1 0.7723186E+02
   7 0.7760863E+02
   1 0.7609072E+02
   4 0.7707061E+02
  13 0.7701753E+02
  12 0.7693970E+02
  11 0.7751398E+02
   9 0.7634862E+02
  10 0.7754237E+02
   4 0.7729195E+02
  12 0.7741176E+02
  15 0.7704509E+02
   1 0.7689339E+02
   6 0.7681672E+02
   8 0.7698695E+02
  12 0.7748937E+02
   2 0.7732875E+02
   5 0.7693818E+02
   4 0.7702473E+02
  10 0.7617645E+02
  15 0.7695529E+02
  14 0.7683413E+02
   5 0.7795281E+02
   6 0.7672019E+02
  15 0.7628376E+02
  10 0.7734952E+02
   1 0.7717571E+02
   3 0.7732881E+02
   6 0.7777518E+02
   5 0.7727963E+02
  10 0.7718760E+02
  12 0.7753914E+02
   2 0.7675225E+02
  15 0.7732299E+02
  13 0.7690998E+02
   2 0.7710738E+02
   7 0.7664771E+02
   4 0.7738655E+02
  11 0.7714604E+02
   6 0.7724162E+02
   2 0.7728733E+02
  11 0.6539929E+02
   4 0.2144715E+02
   2 0.5974562E+02
  15 0.7655172E+02
  14 0.7698306E+02
  10 0.7698408E+02
   8 0.7659116E+02
   8 0.1275568E+02
  14 0.7744691E+02
   1 0.7724741E+02
   3 0.7762398E+02
  15 0.7765112E+02
   9 0.7688609E+02
  13 0.7712075E+02
  12 0.7660545E+02
   6 0.7721939E+02
  11 0.7684047E+02
  15 0.7754505E+02
   9 0.7751844E+02
   3 0.7672372E+02
  13 0.7708268E+02
   8 0.7765048E+02
  11 0.7094946E+02
   3 0.7847267E+02
  11 0.7483030E+02
   9 0.7795075E+02
   2 0.7714920E+02
   3 0.7647152E+02
  15 0.7655343E+02
   2 0.5742259E+02
   1 0.7713707E+02
  13 0.7726649E+02
  11 0.7743020E+02
  14 0.7705042E+02
   2 0.7660328E+02
   1 0.7678107E+02
   5 0.7720285E+02
   3 0.7712981E+02
  14 0.7707423E+02
  11 0.7706699E+02
  10 0.7692681E+02
  13 0.7627885E+02
   7 0.7743513E+02
   9 0.7710625E+02
  14 0.7682345E+02
  13 0.7661278E+02
   4 0.7704857E+02
  10 0.7756554E+02
  12 0.7697062E+02
   9 0.7699024E+02
   4 0.7719416E+02
   7 0.7681941E+02
  14 0.7687437E+02
   5 0.7657376E+02
   2 0.7681520E+02
  10 0.7626013E+02
   8 0.7733698E+02
   1 0.7696616E+02
   3 0.7711261E+02
  13 0.7703770E+02
   6 0.7710224E+02
  14 0.7686198E+02
   8 0.7776853E+02
   2 0.7656864E+02
   1 0.7664177E+02
  15 0.7667483E+02
   4 0.7709887E+02
   5 0.7755923E+02
  14 0.7826158E+02
   1 0.7800911E+02
   2 0.7695500E+02
   3 0.7702888E+02
   3 0.7104465E+02
   9 0.7706130E+02
   7 0.7677432E+02
  10 0.7706134E+02
  14 0.7752828E+02
   3 0.7767481E+02
   2 0.7610191E+02
  11 0.7704785E+02
   4 0.7666836E+02
  15 0.7682010E+02
   5 0.7640689E+02
   3 0.7747094E+02
   2 0.7647678E+02
  14 0.7711029E+02
  10 0.7683867E+02
  11 0.7740063E+02
   2 0.4433129E+02
   1 0.7657392E+02
  12 0.7718954E+02
   4 0.7709260E+02
   3 0.7685095E+02
  11 0.7738072E+02
  12 0.7737088E+02
   5 0.7691897E+02
  15 0.7725378E+02
   9 0.7725862E+02
   1 0.7738854E+02
   2 0.6433388E+02
  12 0.7702483E+02
  13 0.7683126E+02
  10 0.7763557E+02
   5 0.7688373E+02
   8 0.7690013E+02
  10 0.2138543E+02
  15 0.7744982E+02
   4 0.7662931E+02
   2 0.7653329E+02
  10 0.7699627E+02
  12 0.7720679E+02
   6 0.7772096E+02
   2 0.7718220E+02
   8 0.7677323E+02
   3 0.7702161E+02
  14 0.7715259E+02
  12 0.7738864E+02
   1 0.7678547E+02
   6 0.7760396E+02
   9 0.7704643E+02
  12 0.7767220E+02
   7 0.7706908E+02
  14 0.7636355E+02
  11 0.7690252E+02
   6 0.7682813E+02
  14 0.7775702E+02
   3 0.7720773E+02
  13 0.7667807E+02
   1 0.7676185E+02
   2 0.7681632E+02
   9 0.7743040E+02
   3 0.7664405E+02
  13 0.7701529E+02
   5 0.7706749E+02
   9 0.7631264E+02
  10 0.7764418E+02
  15 0.7710907E+02
   8 0.7690103E+02
   4 0.7709936E+02
   9 0.7700684E+02
  13 0.7672330E+02
   5 0.7683419E+02
  10 0.7664349E+02
   8 0.7662755E+02
   1 0.7706859E+02
  12 0.7724889E+02
  13 0.7785103E+02
   2 0.7662934E+02
  14 0.7713397E+02
  14 0.3392728E+02
   3 0.7744180E+02
   7 0.7793543E+02
   1 0.7662741E+02
   3 0.7769898E+02
  11 0.7731132E+02
   1 0.7069898E+02
  10 0.7699982E+02
   1 0.7772586E+02
  14 0.7658577E+02
   9 0.7667862E+02
   6 0.7781035E+02
  14 0.7711052E+02
   1 0.7323989E+02
  11 0.7735343E+02
   6 0.7716384E+02
  10 0.7659121E+02
   7 0.7679825E+02
   2 0.7733902E+02
   1 0.7732866E+02
   9 0.7682332E+02
   9 0.7739303E+02
   3 0.7695233E+02
   1 0.7700511E+02
  11 0.7810716E+02
   3 0.7743343E+02
  15 0.7732828E+02
   1 0.7700067E+02
   8 0.7687620E+02
   4 0.7727951E+02
  13 0.7721291E+02
  13 0.6520589E+02
   5 0.7746534E+02
  12 0.7701197E+02
  14 0.7667655E+02
   9 0.7701053E+02
   5 0.7733373E+02
   3 0.7684692E+02
   8 0.7650790E+02
   1 0.7712225E+02
  15 0.7759320E+02
   9 0.7734188E+02
   2 0.7770227E+02
   8 0.5259518E+02
  10 0.7755575E+02
   3 0.7731023E+02
   3 0.7766028E+02
  15 0.7644793E+02
   8 0.7733530E+02
   2 0.7696911E+02
   3 0.7770392E+02
   7 0.7685654E+02
   5 0.7676385E+02
   6 0.7690165E+02
  11 0.7743063E+02
  10 0.7685506E+02
   3 0.7743662E+02
  11 0.7659540E+02
  14 0.7710225E+02
   7 0.7585650E+02
   2 0.7650581E+02
   9 0.7690392E+02
   1 0.7732041E+02
   6 0.7749356E+02
   6 0.5177971E+02
  12 0.7710668E+02
  15 0.7726496E+02
  11 0.7686989E+02
   4 0.7741604E+02
   2 0.7744676E+02
  15 0.6620787E+02
   6 0.5134512E+02
  13 0.7755320E+02
  14 0.7705095E+02
   7 0.7671078E+02
   2 0.7695936E+02
  14 0.7730985E+02
   3 0.7702260E+02
  12 0.7721739E+02
   2 0.7708498E+02
   6 0.7731651E+02
   9 0.7722543E+02
   3 0.7668271E+02
   8 0.7692371E+02
   1 0.7726465E+02
   3 0.7748247E+02
  11 0.7753326E+02
   9 0.7649967E+02
  10 0.7736278E+02
   6 0.7646870E+02
   3 0.7718479E+02
   1 0.7702504E+02
   5 0.7705735E+02
  11 0.7694601E+02
  14 0.7735336E+02
  13 0.7668890E+02
  15 0.7676028E+02
   2 0.7695175E+02
   4 0.7693378E+02
   7 0.7768990E+02
  12 0.7691132E+02
   8 0.7751058E+02
  10 0.4813031E+02
  27 0.6798090E+02
  24 0.7775588E+02
  18 0.7695146E+02
  16 0.7768094E+02
   3 0.7666255E+02
  31 0.7773575E+02
  26 0.7711990E+02
   7 0.7659936E+02
  17 0.7626523E+02
  14 0.7725085E+02
  13 0.7781310E+02
  19 0.7739457E+02
  31 0.5228843E+02
  27 0.7747413E+02
  26 0.7748032E+02
  12 0.7784542E+02
  25 0.7681241E+02
  13 0.7716034E+02
   8 0.7672983E+02
  10 0.7670441E+02
  20 0.7669332E+02
   3 0.7747169E+02
   7 0.7696352E+02
  30 0.7717341E+02
  25 0.7658847E+02
  16 0.7731075E+02
  14 0.7713310E+02
  27 0.7680595E+02
  14 0.7754176E+02
  22 0.7627958E+02
  17 0.7722338E+02
  10 0.7623448E+02
  16 0.7813999E+02
  13 0.7676520E+02
  22 0.7749383E+02
   3 0.7689498E+02
  16 0.7747246E+02
  10 0.6733059E+02
  14 0.7719243E+02
  25 0.7688557E+02
  22 0.7740075E+02
   9 0.7713874E+02
   5 0.7711509E+02
  14 0.7708559E+02
  10 0.7753764E+02
  24 0.7710773E+02
  13 0.7728357E+02
   4 0.7754759E+02
   6 0.7746417E+02
  28 0.7644333E+02
  29 0.7706941E+02
  24 0.7734318E+02
  15 0.7738510E+02
  21 0.7756381E+02
   1 0.7656742E+02
  23 0.7663462E+02
  12 0.7654950E+02
  10 0.7803821E+02
   2 0.7738647E+02
  11 0.7727124E+02
  24 0.7673699E+02
   9 0.7660216E+02
  11 0.7764566E+02
   8 0.7736631E+02
   6 0.7716650E+02
   9 0.5983070E+02
  21 0.7633100E+02
   1 0.7657156E+02
  19 0.7714454E+02
  26 0.7716236E+02
  31 0.7739470E+02
   9 0.7049474E+02
  18 0.7738859E+02
   2 0.7752696E+02
  21 0.6341458E+02
  29 0.7716286E+02
  19 0.7758384E+02
  30 0.7724899E+02
  26 0.7746814E+02
   7 0.7675966E+02
  20 0.7734660E+02
  18 0.7736761E+02
  26 0.7743742E+02
   9 0.7668349E+02
  16 0.7694415E+02
  19 0.7718976E+02
  30 0.7733377E+02
  27 0.7723972E+02
  23 0.7708773E+02
  16 0.2284787E+02
  17 0.7785020E+02
   1 0.7657677E+02
   3 0.7674968E+02
  20 0.7751538E+02
  27 0.7802508E+02
  26 0.7622377E+02
  25 0.7708734E+02
  30 0.5828885E+02
   5 0.7715023E+02
  18 0.7748061E+02
  13 0.7770940E+02
   1 0.7805400E+02
   7 0.7625364E+02
  19 0.7643827E+02
  20 0.7746386E+02
  22 0.7697265E+02
  14 0.7687158E+02
   4 0.7704918E+02
  26 0.7699595E+02
  20 0.7675096E+02
  19 0.7739488E+02
   1 0.7654753E+02
  27 0.7681064E+02
   5 0.7684705E+02
  25 0.7708854E+02
  15 0.7795467E+02
   3 0.7701789E+02
  11 0.7710534E+02
  12 0.7742929E+02
  20 0.7761372E+02
  28 0.7697839E+02
   6 0.7765038E+02
   8 0.7732063E+02
  26 0.7668186E+02
  19 0.7596784E+02
  14 0.7678996E+02
  25 0.7721776E+02
  11 0.7719521E+02
  10 0.7721010E+02
  24 0.7676967E+02
   5 0.7629465E+02
  15 0.7687260E+02
  20 0.7726714E+02
  28 0.7644475E+02
  21 0.7651742E+02
   2 0.7730773E+02
  12 0.7637208E+02
  29 0.7756601E+02
  31 0.7696411E+02
  24 0.5213115E+02
  26 0.7651342E+02
  11 0.7709678E+02
  19 0.7740695E+02
  12 0.5501521E+02
   2 0.7728230E+02
  16 0.7725856E+02
  17 0.7710899E+02
  28 0.7742600E+02
  19 0.7730469E+02
  24 0.7659245E+02
  23 0.7742324E+02
   6 0.7673517E+02
  11 0.7715883E+02
  20 0.7717010E+02
  16 0.7776953E+02
  29 0.7732586E+02
   4 0.7732818E+02
  13 0.7683313E+02
  30 0.7691349E+02
  11 0.7803313E+02
   9 0.7760100E+02
  30 0.7760845E+02
   7 0.7708811E+02
  24 0.7692893E+02
  18 0.7730985E+02
  22 0.7763748E+02
  18 0.6008009E+02
   1 0.7689275E+02
   9 0.7762397E+02
  29 0.7635654E+02
   9 0.7766378E+02
  27 0.7674415E+02
  19 0.7711191E+02
  25 0.7683950E+02
   3 0.7718975E+02
  22 0.7730383E+02
  25 0.6735682E+02
  24 0.7746754E+02
   2 0.7706298E+02
  14 0.7737428E+02
  21 0.7744239E+02
  30 0.7700841E+02
   8 0.7694826E+02
  14 0.7776280E+02
   3 0.7730491E+02
  29 0.7647646E+02
  10 0.7686887E+02
  30 0.5853751E+02
   1 0.7764560E+02
  30 0.6778995E+02
  31 0.7701546E+02
  24 0.7760540E+02
  15 0.7700275E+02
   5 0.7686319E+02
  25 0.7741668E+02
  29 0.7603305E+02
   3 0.7735710E+02
  21 0.7762006E+02
  28 0.7705657E+02
   4 0.7709990E+02
  13 0.7760915E+02
  14 0.7687528E+02
  25 0.7782076E+02
  15 0.7669438E+02
  10 0.7761171E+02
  11 0.7703811E+02
  12 0.7689754E+02
  26 0.7670245E+02
   1 0.7780821E+02
  24 0.7751536E+02
   8 0.7662542E+02
  10 0.5100415E+02
  23 0.7706300E+02
  16 0.7667764E+02
  21 0.7743481E+02
  29 0.7702286E+02
  30 0.7651691E+02
   5 0.7644403E+02
  14 0.7717305E+02
  30 0.6590562E+02
   6 0.7723169E+02
  11 0.6665378E+02
  26 0.7657926E+02
  17 0.7707728E+02
  23 0.7802802E+02
  28 0.7667914E+02
  13 0.7650779E+02
  29 0.7722022E+02
  14 0.2099766E+02
   8 0.7686030E+02
  21 0.7725970E+02
  24 0.7701389E+02
   7 0.7689555E+02
  10 0.7647406E+02
  31 0.7677674E+02
  14 0.2330133E+02
   6 0.7822461E+02
  20 0.7700515E+02
   5 0.7647462E+02
  28 0.7763475E+02
   1 0.7610589E+02
  25 0.7688325E+02
  29 0.7711830E+02
   9 0.7736265E+02
  24 0.7723060E+02
  11 0.7699502E+02
   8 0.7648758E+02
   2 0.7764561E+02
  11 0.2899757E+02
  21 0.7705627E+02
   9 0.7807765E+02
  18 0.7710272E+02
  23 0.7635729E+02
  13 0.7684297E+02
  26 0.7704493E+02
  23 0.1135437E+02
   5 0.7689925E+02
  29 0.7743997E+02
  27 0.7694147E+02
  22 0.7688773E+02
  20 0.7707920E+02
  10 0.7678348E+02
  29 0.7736031E+02
   4 0.7738494E+02
  26 0.7735821E+02
  20 0.7744512E+02
  19 0.7724249E+02
  29 0.7825594E+02
  11 0.7683798E+02
  23 0.7686756E+02
   3 0.7756214E+02
  29 0.7745744E+02
   5 0.7611020E+02
  20 0.7785032E+02
   4 0.7688761E+02
  10 0.7694551E+02
  22 0.7686772E+02
   9 0.7658807E+02
  23 0.7701828E+02
   3 0.7741091E+02
   4 0.7777519E+02
  29 0.7732260E+02
  16 0.7708035E+02
  15 0.7702825E+02
  10 0.7707341E+02
  26 0.7707778E+02
  23 0.7725998E+02
   3 0.7642526E+02
  19 0.7668665E+02
  12 0.7743948E+02
  25 0.7722577E+02
   1 0.7689848E+02
   9 0.7682532E+02
   5 0.7668556E+02
  29 0.7613980E+02
  14 0.7760222E+02
  17 0.7706148E+02
  26 0.7659726E+02
  16 0.7782328E+02
  27 0.7702363E+02
  31 0.7684612E+02
  12 0.7677386E+02
  15 0.7632879E+02
  20 0.7648472E+02
   3 0.7722941E+02
  23 0.7698671E+02
  17 0.7761759E+02
   1 0.7693307E+02
   5 0.7746741E+02
  30 0.7754888E+02
  12 0.7765531E+02
  28 0.7740974E+02
  20 0.7657705E+02
  19 0.7624578E+02
  25 0.7627785E+02
   6 0.7716101E+02
   7 0.7707082E+02
  27 0.7732752E+02
  21 0.7705256E+02
   8 0.7766523E+02
  24 0.7710817E+02
  14 0.7645382E+02
  12 0.7705072E+02
  10 0.7692380E+02
  25 0.7783158E+02
  13 0.7703487E+02
   3 0.7732404E+02
   7 0.7613675E+02
  30 0.7756899E+02
  19 0.7751374E+02
  10 0.5513495E+02
   5 0.7696405E+02
   2 0.7721160E+02
  18 0.7653340E+02
  15 0.7659201E+02
  27 0.7629479E+02
  12 0.7644046E+02
  11 0.7739114E+02
  23 0.7660889E+02
  20 0.7698996E+02
   8 0.7725386E+02
   5 0.7739240E+02
  20 0.6124223E+02
   4 0.7714321E+02
  12 0.7769259E+02
  30 0.7640961E+02
   7 0.7652743E+02
  13 0.7758411E+02
  19 0.7701059E+02
  15 0.7761584E+02
  25 0.7720534E+02
  29 0.7744250E+02
  10 0.7654202E+02
   4 0.7723406E+02
  29 0.7834065E+02
  25 0.7713166E+02
  22 0.7700158E+02
   7 0.7698920E+02
  19 0.7676157E+02
  30 0.7763385E+02
   4 0.7714995E+02
  12 0.7655895E+02
   1 0.7708632E+02
   7 0.7733243E+02
  15 0.7612024E+02
   1 0.7146659E+02
   9 0.7707766E+02
   7 0.7705628E+02
   6 0.7747661E+02
   4 0.7618761E+02
  17 0.7692514E+02
  22 0.7718254E+02
  26 0.7730825E+02
  19 0.7689076E+02
  30 0.7700728E+02
   6 0.7753251E+02
   7 0.7679284E+02
  31 0.7720670E+02
   1 0.7692940E+02
  27 0.7685131E+02
  28 0.7758043E+02
   6 0.7769706E+02
  17 0.7687089E+02
  14 0.7729584E+02
   1 0.7736979E+02
  15 0.7643882E+02
  28 0.7749396E+02
  17 0.3515150E+02
  26 0.7658313E+02
  18 0.7678500E+02
  16 0.7719953E+02
  15 0.4156269E+02
   2 0.7731294E+02
   3 0.7729173E+02
  24 0.7666299E+02
   8 0.7722866E+02
  11 0.7688834E+02
  25 0.7751669E+02
   7 0.7664448E+02
  21 0.7683773E+02
  19 0.7687079E+02
  29 0.7730590E+02
   5 0.7726561E+02
  14 0.7680372E+02
  24 0.7718462E+02
  23 0.7691355E+02
   7 0.7728580E+02
  25 0.7747505E+02
  16 0.7739213E+02
   5 0.7475128E+02
  28 0.7604746E+02
   2 0.7714603E+02
  13 0.7715807E+02
  10 0.7706603E+02
  17 0.7677770E+02
  20 0.7712519E+02
  14 0.7701819E+02
   7 0.7735136E+02
  28 0.3551534E+02
   5 0.7773761E+02
  10 0.7684489E+02
   4 0.7732821E+02
  10 0.3416972E+02
  24 0.7720345E+02
   1 0.7775144E+02
  21 0.7678729E+02
  25 0.7675460E+02
   3 0.7659969E+02
   5 0.7776102E+02
  20 0.7691614E+02
   4 0.7710145E+02
   3 0.7820250E+02
  12 0.7721088E+02
   2 0.7623272E+02
   3 0.7604082E+02
  22 0.7755126E+02
  27 0.7720428E+02
  30 0.7752709E+02
  31 0.7712226E+02
  22 0.7751292E+02
   9 0.7766725E+02
  15 0.7721585E+02
   6 0.7714264E+02
   2 0.7712598E+02
  29 0.7725127E+02
  27 0.7775191E+02
  19 0.7726070E+02
  15 0.7723014E+02
  18 0.7736989E+02
  27 0.7612176E+02
   8 0.7680439E+02
  26 0.7689989E+02
  31 0.7780192E+02
  28 0.7696505E+02
   3 0.7679626E+02
  14 0.7685460E+02
  31 0.6311809E+02
  30 0.7693902E+02
  13 0.7685817E+02
   7 0.7709240E+02
   6 0.7779527E+02
   3 0.7734640E+02
   6 0.6069136E+02
   3 0.5129258E+02
   5 0.7642134E+02
   1 0.7729104E+02
  23 0.7734933E+02
  15 0.7670488E+02
  11 0.7740564E+02
  26 0.7704355E+02
   4 0.7710099E+02
  25 0.7687837E+02
  11 0.1774405E+02
  16 0.7665809E+02
  17 0.7665849E+02
   6 0.7642490E+02
  11 0.6369194E+02
   4 0.7715612E+02
   5 0.7660964E+02
  22 0.7712073E+02
  15 0.7633140E+02
   6 0.7769206E+02
  10 0.7693897E+02
  23 0.7742337E+02
  21 0.7691492E+02
  22 0.7729275E+02
  27 0.7692801E+02
  29 0.7729245E+02
  24 0.7723559E+02
  19 0.7712964E+02
  12 0.7738337E+02
  20 0.7678484E+02
   5 0.7756318E+02
   8 0.7645526E+02
  28 0.7729713E+02
   4 0.7661633E+02
   9 0.7739765E+02
  30 0.7701844E+02
  18 0.7730379E+02
   2 0.7647030E+02
  26 0.7715321E+02
  14 0.7714726E+02
   1 0.7653291E+02
  31 0.7714694E+02
  25 0.7714190E+02
   3 0.7737793E+02
  13 0.7711075E+02
  11 0.7706066E+02
  16 0.7699232E+02
   7 0.7650948E+02
  17 0.7737935E+02
  35 0.7196658E+02
  19 0.7754607E+02
  38 0.7754977E+02
  39 0.1423144E+02
  51 0.7770966E+02
  40 0.7718645E+02
  12 0.5670332E+02
  30 0.7678868E+02
   2 0.7753735E+02
  56 0.7800366E+02
  15 0.7774829E+02
  14 0.7773816E+02
  24 0.7667296E+02
  29 0.2089863E+02
  44 0.7762403E+02
  50 0.7671345E+02
  28 0.7629243E+02
  36 0.7619427E+02
  55 0.7305389E+02
  20 0.7742422E+02
  59 0.7742496E+02
  18 0.7768886E+02
  34 0.7665021E+02
  52 0.7759365E+02
  43 0.7648597E+02
  62 0.7650434E+02
  48 0.7654264E+02
  37 0.7687746E+02
   4 0.7666190E+02
  42 0.7788153E+02
  17 0.7613485E+02
  10 0.7711227E+02
   7 0.7673875E+02
   6 0.7660673E+02
  45 0.7704982E+02
  46 0.7674165E+02
  36 0.7733355E+02
   5 0.7705509E+02
  24 0.7714771E+02
  12 0.7775530E+02
  35 0.7683565E+02
  50 0.7734096E+02
  18 0.7743850E+02
   3 0.7674616E+02
  63 0.7619279E+02
  39 0.7708017E+02
  49 0.7688956E+02
  17 0.7589483E+02
  43 0.7711124E+02
  23 0.7692877E+02
  45 0.6295919E+02
  59 0.7641584E+02
   2 0.7702656E+02
   1 0.7591592E+02
  26 0.7676249E+02
  62 0.7699065E+02
   4 0.7674024E+02
  10 0.7738155E+02
   5 0.7731151E+02
  15 0.7669551E+02
  28 0.7624186E+02
  29 0.7679984E+02
   7 0.7722446E+02
  20 0.7663293E+02
  18 0.7699231E+02
  34 0.7652118E+02
   6 0.7728012E+02
  46 0.7693730E+02
   3 0.7725342E+02
  44 0.7606910E+02
  42 0.7624426E+02
   7 0.7688970E+02
  26 0.6608900E+02
   5 0.6877322E+02
  12 0.7698182E+02
  56 0.7657320E+02
  46 0.2134917E+02
   2 0.7725305E+02
  48 0.7720451E+02
  15 0.7804478E+02
   3 0.7766962E+02
  34 0.7681721E+02
  49 0.7693736E+02
  44 0.7671236E+02
  42 0.7752005E+02
   5 0.7798670E+02
  20 0.7752047E+02
  12 0.7711202E+02
  35 0.7694501E+02
  62 0.7719929E+02
  26 0.7659516E+02
  43 0.7690557E+02
  28 0.7632073E+02
  15 0.7618641E+02
  44 0.7342833E+02
  62 0.6856499E+02
  46 0.7690161E+02
  49 0.7633166E+02
  44 0.7720447E+02
  15 0.7727436E+02
  20 0.7716946E+02
  47 0.7658542E+02
  34 0.7722768E+02
  56 0.7699034E+02
   3 0.7693663E+02
  43 0.7667352E+02
  26 0.7678966E+02
  28 0.7718269E+02
  21 0.7733554E+02
  57 0.7686897E+02
  46 0.7672395E+02
  46 0.7807908E+02
  54 0.7701674E+02
  11 0.7701834E+02
  41 0.7739188E+02
  19 0.7708825E+02
  16 0.7747690E+02
  53 0.7691907E+02
  15 0.7615938E+02
  22 0.7693591E+02
  32 0.7730464E+02
   5 0.7687283E+02
  40 0.7711578E+02
  42 0.7683032E+02
  13 0.7713170E+02
   9 0.7736221E+02
   8 0.7712834E+02
  38 0.7730489E+02
  32 0.7802943E+02
  58 0.7675498E+02
  15 0.7774773E+02
  20 0.7638241E+02
  49 0.7681486E+02
  60 0.7719674E+02
  14 0.7652076E+02
  51 0.7737865E+02
  31 0.7706835E+02
  61 0.7744718E+02
  37 0.7701041E+02
  27 0.7722024E+02
  25 0.7679526E+02
  42 0.7775047E+02
  49 0.6719395E+02
  55 0.7699935E+02
  46 0.7736142E+02
  52 0.7715119E+02
  30 0.7726365E+02
  56 0.7630140E+02
  63 0.7719790E+02
  36 0.7707963E+02
  60 0.7790488E+02
  55 0.4827426E+02
  46 0.7777882E+02
  33 0.7675703E+02
  61 0.4941212E+02
  22 0.7689537E+02
   8 0.4638558E+02
  40 0.7711720E+02
  14 0.7730220E+02
   5 0.7639584E+02
  24 0.7726509E+02
  32 0.7702541E+02
  39 0.7749336E+02
  45 0.7695294E+02
  17 0.7706136E+02
  54 0.7597922E+02
  19 0.7633710E+02
  40 0.7448990E+02
  13 0.7735111E+02
  46 0.7679124E+02
  10 0.7720314E+02
   5 0.7827649E+02
   9 0.7633906E+02
  50 0.7699582E+02
  56 0.7644037E+02
   7 0.7718145E+02
  59 0.7688499E+02
  21 0.7699382E+02
  44 0.7772389E+02
  23 0.7684960E+02
  61 0.7696509E+02
  45 0.7754596E+02
  24 0.7717237E+02
  56 0.7767930E+02
  14 0.7710867E+02
   2 0.7729317E+02
  32 0.7662978E+02
  59 0.7739425E+02
  39 0.7679576E+02
   5 0.7752621E+02
  54 0.7719518E+02
  57 0.7768645E+02
   6 0.7681300E+02
  13 0.7688211E+02
  48 0.7697914E+02
   9 0.7739133E+02
  18 0.7730852E+02
  61 0.7706046E+02
  44 0.7690869E+02
   8 0.7711500E+02
   4 0.7677545E+02
  29 0.7726986E+02
  19 0.7725380E+02
   5 0.6145700E+02
  57 0.7751206E+02
  12 0.7726298E+02
  14 0.5089465E+02
  61 0.7747733E+02
  59 0.7608092E+02
  57 0.7758009E+02
  45 0.7794010E+02
  48 0.7730904E+02
  44 0.7753298E+02
  12 0.5846679E+02
  48 0.7048011E+02
  17 0.7679151E+02
  56 0.7688544E+02
   1 0.7702535E+02
  35 0.7742921E+02
  24 0.7692802E+02
  47 0.7727687E+02
   1 0.5204043E+02
  13 0.7704691E+02
  48 0.7795458E+02
  28 0.7727204E+02
  62 0.7748174E+02
  30 0.7701417E+02
   5 0.7741244E+02
  44 0.7691794E+02
  29 0.7704433E+02
   1 0.7716587E+02
  12 0.7677746E+02
  57 0.7663463E+02
  14 0.7798764E+02
  18 0.7712402E+02
  12 0.5041448E+02
  28 0.7756061E+02
  24 0.7773573E+02
   1 0.7722032E+02
  43 0.7696890E+02
  45 0.7683399E+02
  48 0.7662079E+02
  35 0.7727435E+02
  13 0.7668337E+02
  15 0.7715450E+02
  29 0.7754756E+02
  21 0.7716022E+02
  30 0.7669024E+02
  23 0.7676746E+02
  18 0.7659937E+02
  41 0.7748838E+02
  40 0.7680202E+02
  45 0.7746229E+02
  11 0.7644887E+02
  12 0.7720979E+02
   3 0.7689282E+02
  37 0.7712176E+02
  12 0.4087589E+02
  57 0.7762359E+02
  24 0.7773490E+02
   7 0.7726961E+02
  27 0.7678478E+02
  26 0.7683239E+02
  46 0.7701425E+02
  47 0.7693221E+02
  16 0.7755059E+02
  34 0.7705063E+02
  26 0.2772752E+02
  20 0.7694447E+02
  21 0.7771832E+02
  14 0.7734786E+02
   1 0.7689637E+02
  41 0.7750422E+02
  15 0.7681777E+02
  48 0.7685270E+02
  23 0.7720451E+02
  53 0.7715764E+02
  51 0.7728644E+02
  63 0.7679008E+02
  31 0.7712552E+02
   1 0.7735219E+02
  58 0.7729361E+02
   8 0.7718231E+02
  17 0.7667762E+02
  14 0.7752486E+02
  41 0.7699258E+02
  15 0.6931239E+02
  55 0.7696000E+02
  27 0.7688002E+02
  12 0.7641476E+02
  56 0.7731070E+02
  23 0.7711216E+02
  61 0.7762554E+02
  42 0.7721199E+02
  47 0.7733959E+02
  52 0.7698743E+02
   9 0.7714100E+02
  20 0.7705669E+02
   3 0.7644331E+02
  57 0.7709373E+02
   2 0.7742317E+02
  40 0.7630711E+02
  38 0.7733436E+02
  33 0.7710301E+02
  45 0.7739011E+02
  16 0.7677234E+02
  51 0.7776939E+02
   6 0.7692861E+02
  53 0.7713520E+02
  49 0.7719221E+02
  60 0.7699103E+02
   5 0.7682249E+02
  25 0.7718183E+02
  59 0.7705490E+02
  10 0.7738993E+02
  22 0.7682886E+02
  37 0.7664730E+02
  41 0.7648054E+02
  19 0.7722732E+02
  55 0.7691219E+02
  51 0.7699545E+02
  34 0.7670021E+02
  33 0.7668884E+02
  12 0.7727571E+02
   8 0.7667379E+02
  60 0.7713029E+02
  44 0.7738808E+02
  53 0.7687414E+02
  39 0.7735168E+02
  36 0.7757906E+02
  58 0.7691294E+02
  29 0.7736915E+02
  45 0.7588704E+02
  50 0.7717671E+02
  16 0.7650379E+02
  28 0.7705633E+02
  54 0.7727269E+02
  55 0.7718087E+02
  61 0.7705762E+02
  37 0.7740189E+02
  38 0.7605938E+02
  10 0.7707795E+02
   2 0.7734579E+02
  13 0.7664106E+02
  28 0.6752999E+02
  35 0.7675848E+02
  59 0.7733707E+02
  32 0.7718289E+02
  13 0.3395968E+02
  20 0.7685005E+02
  30 0.7711251E+02
  36 0.7690852E+02
  25 0.7731394E+02
  58 0.7739043E+02
  62 0.7737911E+02
  29 0.7752098E+02
  38 0.7776275E+02
  33 0.7656427E+02
  10 0.7724584E+02
   4 0.7737884E+02
  19 0.7650444E+02
  29 0.7789118E+02
  34 0.7711272E+02
  30 0.7783803E+02
  18 0.7725145E+02
   2 0.7713247E+02
  46 0.7712789E+02
  27 0.7666126E+02
  55 0.7668542E+02
  38 0.7660917E+02
  47 0.7690838E+02
   4 0.7722072E+02
   3 0.7750695E+02
   1 0.7741639E+02
  25 0.7729522E+02
   7 0.7713050E+02
  19 0.7765268E+02
  58 0.7672227E+02
  62 0.7625974E+02
  24 0.7739014E+02
  43 0.7705998E+02
  62 0.1502229E+02
  33 0.7770709E+02
  46 0.7707902E+02
  30 0.7749540E+02
  31 0.7747539E+02
  17 0.7701674E+02
  15 0.7709534E+02
  40 0.7721538E+02
  27 0.5275026E+02
  54 0.7650997E+02
  47 0.7781640E+02
  20 0.7650552E+02
  56 0.7725711E+02
  46 0.6667848E+02
   4 0.7782932E+02
  48 0.7653642E+02
  43 0.7856846E+02
  14 0.7731257E+02
  32 0.7697940E+02
  15 0.7760528E+02
  31 0.7603022E+02
  47 0.7748203E+02
   5 0.7732397E+02
  21 0.7626746E+02
  23 0.7695580E+02
  57 0.7704853E+02
   9 0.7707860E+02
   1 0.7736053E+02
  51 0.7716510E+02
  46 0.5262488E+02
  31 0.7779252E+02
   3 0.7715540E+02
  63 0.7723523E+02
  54 0.1843238E+02
  62 0.7764868E+02
  30 0.7643769E+02
  20 0.7658924E+02
  45 0.7711396E+02
  29 0.7701997E+02
  40 0.7593933E+02
  11 0.7765833E+02
  24 0.7669292E+02
  42 0.7704379E+02
  60 0.7694966E+02
  35 0.7723746E+02
   6 0.7691037E+02
  23 0.7653695E+02
   5 0.7695475E+02
  30 0.7757198E+02
   8 0.7665740E+02
  52 0.7717179E+02
   1 0.7789610E+02
  39 0.7679674E+02
  32 0.7683059E+02
  42 0.7690108E+02
  45 0.6585790E+02
  37 0.7758070E+02
  23 0.7726098E+02
  16 0.7727388E+02
  53 0.7697756E+02
  52 0.7823383E+02
  49 0.7729955E+02
  44 0.7690470E+02
   9 0.7724190E+02
  39 0.6662508E+02
  13 0.7673930E+02
  51 0.7687261E+02
  29 0.7696156E+02
  40 0.7696913E+02
  26 0.7675258E+02
  21 0.7710566E+02
   3 0.7662113E+02
  42 0.7578888E+02
  36 0.7741260E+02
  37 0.7787547E+02
  15 0.7632334E+02
  62 0.7674351E+02
  54 0.7745129E+02
  28 0.7714748E+02
   8 0.7802937E+02
  30 0.7761021E+02
  53 0.7728099E+02
  39 0.7738635E+02
  41 0.7756299E+02
  13 0.7770387E+02
   5 0.7740379E+02
  23 0.7534724E+02
  22 0.7697488E+02
  44 0.7651742E+02
  38 0.7703164E+02
   1 0.7647538E+02
   2 0.7773090E+02
  12 0.7713972E+02
   9 0.7677958E+02
  52 0.7614721E+02
  34 0.7722530E+02
   6 0.7685264E+02
  51 0.7654759E+02
  49 0.7793037E+02
  10 0.7742281E+02
  18 0.7715287E+02
  50 0.7772472E+02
  55 0.7713407E+02
  61 0.7726412E+02
  59 0.7702536E+02
  58 0.7722286E+02
  19 0.7736721E+02
  56 0.7719458E+02
  17 0.7741875E+02
  27 0.7729361E+02
   4 0.7711136E+02
  33 0.7716083E+02
  48 0.7740337E+02
  20 0.7695728E+02
  57 0.7769474E+02
  16 0.7691757E+02
  63 0.7718993E+02
  25 0.7792209E+02
  14 0.7675768E+02
  47 0.7702119E+02
  60 0.7678167E+02
  46 0.7730864E+02
  43 0.7667676E+02
   7 0.7740766E+02
  31 0.7713438E+02
  45 0.7713812E+02
  24 0.7715237E+02
  35 0.7717562E+02
  29 0.7790347E+02
  32 0.7749104E+02
  11 0.7695125E+02
  44 0.2139095E+01
  79 0.6084560E+02
  29 0.4515366E+02
  12 0.7153776E+02
  46 0.4926283E+02
 100 0.5794016E+02
  91 0.5585537E+02
  42 0.7763183E+02
 107 0.7807523E+02
  98 0.7770041E+02
 102 0.7778061E+02
  19 0.7727612E+02
  45 0.7764057E+02
  41 0.7757116E+02
  10 0.7721712E+02
  16 0.7781445E+02
 127 0.7749455E+02
 117 0.7758548E+02
  13 0.7764846E+02
  85 0.7801708E+02
 124 0.7697549E+02
 101 0.7686570E+02
  88 0.7654267E+02
  77 0.7788284E+02
   1 0.7704851E+02
  95 0.7745474E+02
 108 0.7764001E+02
  22 0.7743582E+02
  63 0.7776487E+02
   8 0.7708062E+02
  21 0.7720206E+02
  20 0.7709092E+02
  62 0.7739926E+02
 125 0.7765908E+02
   7 0.7772909E+02
  34 0.7689527E+02
  44 0.7691300E+02
  80 0.7678960E+02
   1 0.6564518E+02
 114 0.7722762E+02
   3 0.7737152E+02
  62 0.7753104E+02
  76 0.7781338E+02
  78 0.7706470E+02
  15 0.7756742E+02
  31 0.7758269E+02
  67 0.7656783E+02
 120 0.7649658E+02
  90 0.7631009E+02
  60 0.7691019E+02
  81 0.7737466E+02
  24 0.7672676E+02
  68 0.7686364E+02
  54 0.7737753E+02
  82 0.7703826E+02
  33 0.7718525E+02
  87 0.7687151E+02
  73 0.7759792E+02
 107 0.7732810E+02
  39 0.7713214E+02
 105 0.7729896E+02
  43 0.7710160E+02
   5 0.7615421E+02
 125 0.7727557E+02
 113 0.7727829E+02
  74 0.7643888E+02
  25 0.7719703E+02
  53 0.7644787E+02
  72 0.7681250E+02
  83 0.7654408E+02
  78 0.7705054E+02
  11 0.7675986E+02
  38 0.7747442E+02
   3 0.6347079E+02
  30 0.7762209E+02
 120 0.7697648E+02
  93 0.7650873E+02
  71 0.7672304E+02
 127 0.7720080E+02
   6 0.7643051E+02
 111 0.7635447E+02
  94 0.7704544E+02
  44 0.7728699E+02
  91 0.7684627E+02
 102 0.7649446E+02
 124 0.7635109E+02
  90 0.7705338E+02
 100 0.7663286E+02
  98 0.7708368E+02
  78 0.7728245E+02
 105 0.7721648E+02
  32 0.7647627E+02
  79 0.7621960E+02
 101 0.7724588E+02
  50 0.7666839E+02
  35 0.7717680E+02
  55 0.7625327E+02
  40 0.7717333E+02
 110 0.7686511E+02
   4 0.7702289E+02
  93 0.4599779E+02
 119 0.7650077E+02
  94 0.7749505E+02
  60 0.7790913E+02
  21 0.7774417E+02
 114 0.7732082E+02
  38 0.6500274E+02
  85 0.7775712E+02
  23 0.7694223E+02
   6 0.1663124E+02
  54 0.7617959E+02
 120 0.7662478E+02
 119 0.5185180E+02
 112 0.7645876E+02
 125 0.7649725E+02
 108 0.7607614E+02
  69 0.7581056E+02
   5 0.7611988E+02
  67 0.7672584E+02
   4 0.1253531E+02
  72 0.7763142E+02
  20 0.7710044E+02
 118 0.7679149E+02
 124 0.7787079E+02
  54 0.7808830E+02
  71 0.7665882E+02
  53 0.7716059E+02
  21 0.7681043E+02
  68 0.7667360E+02
  50 0.7731173E+02
   3 0.7646825E+02
  77 0.7719768E+02
 118 0.7709335E+02
  73 0.7751935E+02
  37 0.7663420E+02
  74 0.7695882E+02
 117 0.7671669E+02
  73 0.7661796E+02
  76 0.7681808E+02
 118 0.7723164E+02
  35 0.7651506E+02
  78 0.7660642E+02
  79 0.7771660E+02
  82 0.7590210E+02
  40 0.7695925E+02
 110 0.7766491E+02
  32 0.7712279E+02
  33 0.7653971E+02
  72 0.7743793E+02
  38 0.7621007E+02
 108 0.7788196E+02
  15 0.7645207E+02
  24 0.7668564E+02
  85 0.7747945E+02
 111 0.7704717E+02
  21 0.7665683E+02
  55 0.7587731E+02
 100 0.7028292E+02
  69 0.7689773E+02
 113 0.7719744E+02
 117 0.7222455E+02
  34 0.7678484E+02
  77 0.7690246E+02
  74 0.7655889E+02
  79 0.7664174E+02
  53 0.7736838E+02
  37 0.7760621E+02
 101 0.7682500E+02
 113 0.5234686E+02
  73 0.7671917E+02
  22 0.7669085E+02
  33 0.7406868E+02
  26 0.7755612E+02
  69 0.7700091E+02
  38 0.7689513E+02
 118 0.7679307E+02
  40 0.7811892E+02
  22 0.7758363E+02
  79 0.7747367E+02
 124 0.7693777E+02
  13 0.7738004E+02
  68 0.7708306E+02
  55 0.7658046E+02
 113 0.7710165E+02
  20 0.7732705E+02
  98 0.7652633E+02
  34 0.7697357E+02
  73 0.7634041E+02
 101 0.7712320E+02
 100 0.7713898E+02
  37 0.7655267E+02
  85 0.7679690E+02
  15 0.7725061E+02
  25 0.7711485E+02
  22 0.7755748E+02
  74 0.7699582E+02
  62 0.7729118E+02
 127 0.7713508E+02
  82 0.7752480E+02
  50 0.7683277E+02
  53 0.7655034E+02
 108 0.7722379E+02
  47 0.7748977E+02
  32 0.7634126E+02
  34 0.7638509E+02
  16 0.7740018E+02
  92 0.7710451E+02
 127 0.7854928E+02
 107 0.7765194E+02
  61 0.7720235E+02
  55 0.7727167E+02
 118 0.7676311E+02
  80 0.7701632E+02
  93 0.7683980E+02
  38 0.7732913E+02
  40 0.7655217E+02
  47 0.7816906E+02
  21 0.7672413E+02
 105 0.7736902E+02
 106 0.7694237E+02
  53 0.7721951E+02
  77 0.7629083E+02
  95 0.7733284E+02
  96 0.7761750E+02
  68 0.7772560E+02
   2 0.7678938E+02
  73 0.7677880E+02
  37 0.7702359E+02
   6 0.7667943E+02
  44 0.7739587E+02
 104 0.7722567E+02
  99 0.7740611E+02
  62 0.7698149E+02
  43 0.7651635E+02
  16 0.7705746E+02
  32 0.7716296E+02
   5 0.7723751E+02
  82 0.7717224E+02
  70 0.7675790E+02
  80 0.7725972E+02
 122 0.7691311E+02
  57 0.7726582E+02
 106 0.7821553E+02
  27 0.7697726E+02
   3 0.7715489E+02
  64 0.7664674E+02
   7 0.7716537E+02
  50 0.7732808E+02
  85 0.7742454E+02
  59 0.7746295E+02
  52 0.7753871E+02
  15 0.7748239E+02
 126 0.7743759E+02
 109 0.7718845E+02
  86 0.7704848E+02
  84 0.7735399E+02
 115 0.7712347E+02
 116 0.7726012E+02
  22 0.7754702E+02
 125 0.7738602E+02
 108 0.7667615E+02
  55 0.7745741E+02
 107 0.7698506E+02
  20 0.7703108E+02
  65 0.7709288E+02
  50 0.7781730E+02
 105 0.7734019E+02
  48 0.7771057E+02
  56 0.7691544E+02
 106 0.2580403E+02
  59 0.2227839E+02
  66 0.7709843E+02
  46 0.7758635E+02
  82 0.7820973E+02
  75 0.7778985E+02
  18 0.7760141E+02
  51 0.7694475E+02
 121 0.7692699E+02
  50 0.4703750E+02
  89 0.7767173E+02
  29 0.7681430E+02
  38 0.7822307E+02
  97 0.7748740E+02
  58 0.7721654E+02
  17 0.7639505E+02
  42 0.7734297E+02
  84 0.2690488E+02
  49 0.7722249E+02
 103 0.7657451E+02
   9 0.7743344E+02
  67 0.7727166E+02
   7 0.7766324E+02
 120 0.7712017E+02
 115 0.7734515E+02
  36 0.7713151E+02
  17 0.2851311E+02
 102 0.7644168E+02
  70 0.7702484E+02
  57 0.7687465E+02
  86 0.7167429E+02
  28 0.7733900E+02
  76 0.7765941E+02
  47 0.7779026E+02
 123 0.7683917E+02
 109 0.7725099E+02
  45 0.7699084E+02
  19 0.7700169E+02
  62 0.7715347E+02
   5 0.7673355E+02
  14 0.7748640E+02
  12 0.7703582E+02
  81 0.7644690E+02
  83 0.7719076E+02
 106 0.4454459E+02
  41 0.7785933E+02
 126 0.7735788E+02
 117 0.7698490E+02
  10 0.7683081E+02
  35 0.7687694E+02
  85 0.7760691E+02
  87 0.7683433E+02
  48 0.7669718E+02
   1 0.7737232E+02
 103 0.7795085E+02
  88 0.7724827E+02
  55 0.7777761E+02
  64 0.7663070E+02
  37 0.7717693E+02
  63 0.7691313E+02
  50 0.7633821E+02
  91 0.7713026E+02
  76 0.7708176E+02
 109 0.7683134E+02
   9 0.7751834E+02
   8 0.7666035E+02
   7 0.7627246E+02
  36 0.7730011E+02
  59 0.7715699E+02
 127 0.7691705E+02
  24 0.7726594E+02
  46 0.7713475E+02
  66 0.7661335E+02
  97 0.7219528E+02
  57 0.7738817E+02
  51 0.7671238E+02
  60 0.7717357E+02
  11 0.7625674E+02
  39 0.7674272E+02
  19 0.7700540E+02
  17 0.7744143E+02
  96 0.7627560E+02
  28 0.7727858E+02
  62 0.7687218E+02
  18 0.7666867E+02
  94 0.7734048E+02
   4 0.7763013E+02
  42 0.7664950E+02
  31 0.7680066E+02
  41 0.7697065E+02
  65 0.7703640E+02
 123 0.7682655E+02
  78 0.7684060E+02
 105 0.7665101E+02
 108 0.7692152E+02
  81 0.7696105E+02
 121 0.7712823E+02
  76 0.7697237E+02
  30 0.7788443E+02
  99 0.7655603E+02
  70 0.7740054E+02
  90 0.7709681E+02
  69 0.7676370E+02
  69 0.7744638E+02
 119 0.7699928E+02
 124 0.7752468E+02
  87 0.7700263E+02
 123 0.2051965E+02
 111 0.7681153E+02
  88 0.7652159E+02
   9 0.7653962E+02
 120 0.7692491E+02
  41 0.7656938E+02
  82 0.7663545E+02
  38 0.7666372E+02
  50 0.7749630E+02
  23 0.7687607E+02
  10 0.7696847E+02
   2 0.7676533E+02
   1 0.7753037E+02
  79 0.7720497E+02
 113 0.7740377E+02
  49 0.7626844E+02
 112 0.7712956E+02
  34 0.7709343E+02
 114 0.7725173E+02
  28 0.7747464E+02
  71 0.7673119E+02
  33 0.7769582E+02
  99 0.7763009E+02
  55 0.7634580E+02
 111 0.7603336E+02
 124 0.7758683E+02
 107 0.7732565E+02
  20 0.7698551E+02
 121 0.7652383E+02
  61 0.7635730E+02
  96 0.7722178E+02
  84 0.7684008E+02
  18 0.7729256E+02
  36 0.7694873E+02
  51 0.7777956E+02
  90 0.7688859E+02
  46 0.5734760E+02
  98 0.7694958E+02
  31 0.7649457E+02
  16 0.7719770E+02
  74 0.7716628E+02
   9 0.7668046E+02
  78 0.7737337E+02
  64 0.7678307E+02
  26 0.7758801E+02
  81 0.7703288E+02
  63 0.7678987E+02
  39 0.7697225E+02
 110 0.7715161E+02
  82 0.7738903E+02
 119 0.7711957E+02
  38 0.7738880E+02
  93 0.7675540E+02
  94 0.7600216E+02
  73 0.7715187E+02
 100 0.7705874E+02
  70 0.7681476E+02
  62 0.7103845E+02
  60 0.7676746E+02
  97 0.7654014E+02
   6 0.7698487E+02
 101 0.7729975E+02
  53 0.7676996E+02
  21 0.7674832E+02
  50 0.7684488E+02
  27 0.7751800E+02
 123 0.7692130E+02
 106 0.7694390E+02
  86 0.7708652E+02
 115 0.7695522E+02
  56 0.7750884E+02
 126 0.7659664E+02
  75 0.7730257E+02
  11 0.7653911E+02
  48 0.7732741E+02
  67 0.7651352E+02
  13 0.7747235E+02
  32 0.7695521E+02
   3 0.7697397E+02
  59 0.7686835E+02
  52 0.7737194E+02
  58 0.7714249E+02
 127 0.7778507E+02
  44 0.7692319E+02
  14 0.7700392E+02
  41 0.7647615E+02
  45 0.7690005E+02
  95 0.7706681E+02
  40 0.7740368E+02
  47 0.7741387E+02
  12 0.7738019E+02
 104 0.7712432E+02
  37 0.7678099E+02
 116 0.7680612E+02
  54 0.7722085E+02
  77 0.7687913E+02
  83 0.7721378E+02
 103 0.7698210E+02
 109 0.7716500E+02
  72 0.7720302E+02
  35 0.7697599E+02
  68 0.7739258E+02
  80 0.7746673E+02
  89 0.7687041E+02
  43 0.7686040E+02
   8 0.7702647E+02
 122 0.7693313E+02
  15 0.7708753E+02
 118 0.7697874E+02
   4 0.7736771E+02
  85 0.7716810E+02
   7 0.7698031E+02
  92 0.7704810E+02
  42 0.7706629E+02
  25 0.7741278E+02
  65 0.7686894E+02
  88 0.7757084E+02
  29 0.7764886E+02
  24 0.7707841E+02
  22 0.7719446E+02
  57 0.7708299E+02
 102 0.7681179E+02
  91 0.7711257E+02
 120 0.7698985E+02
   5 0.7712664E+02
  87 0.7725120E+02
  69 0.7683456E+02
 125 0.7710309E+02
  19 0.7729862E+02
 108 0.7733331E+02
  76 0.7744857E+02
  66 0.7682184E+02
 105 0.7675635E+02
 117 0.7765661E+02
  17 0.7714943E+02
  30 0.7745648E+02
