   1 0.4455544E+02
   1 0.4467672E+02
   1 0.4536156E+02
   1 0.4370421E+02
   1 0.4416825E+02
   1 0.4336887E+02
   1 0.4473637E+02
   1 0.4494235E+02
   1 0.4479689E+02
   1 0.4495469E+02
   1 0.4475912E+02
   1 0.4394576E+02
   1 0.4475081E+02
   1 0.4506037E+02
   1 0.4403800E+02
   1 0.4450645E+02
   1 0.4394684E+02
   1 0.4460261E+02
   1 0.4442751E+02
   1 0.4354635E+02
   1 0.4325066E+02
   1 0.4502404E+02
   1 0.4464598E+02
   1 0.4452683E+02
   1 0.4419387E+02
   1 0.4463307E+02
   1 0.4508712E+02
   1 0.4378518E+02
   1 0.4413231E+02
   1 0.4380562E+02
   1 0.4430479E+02
   1 0.4368660E+02
   1 0.4409528E+02
   1 0.4399946E+02
   1 0.4422964E+02
   1 0.4444141E+02
   1 0.4481737E+02
   1 0.4427450E+02
   1 0.4464140E+02
   1 0.4341018E+02
   1 0.4413320E+02
   1 0.4420027E+02
   1 0.3068054E+02
   1 0.4378160E+02
   1 0.4406223E+02
   1 0.4428919E+02
   1 0.4433798E+02
   1 0.4438677E+02
   1 0.4457536E+02
   1 0.4379341E+02
   1 0.4493257E+02
   1 0.4486862E+02
   1 0.4472630E+02
   1 0.4485587E+02
   1 0.4446825E+02
   1 0.4428545E+02
   1 0.4415887E+02
   1 0.4405929E+02
   1 0.4405910E+02
   1 0.4524088E+02
   1 0.4398104E+02
   1 0.4478303E+02
   1 0.2062705E+02
   1 0.4417447E+02
   1 0.4434785E+02
   1 0.4494797E+02
   1 0.4118258E+02
   1 0.4406497E+02
   1 0.4453887E+02
   1 0.4393787E+02
   1 0.4422789E+02
   1 0.4426121E+02
   1 0.4450833E+02
   1 0.4459999E+02
   1 0.4560760E+02
   1 0.4502839E+02
   1 0.4369406E+02
   1 0.4432138E+02
   1 0.4388906E+02
   1 0.4469310E+02
   1 0.4447086E+02
   1 0.4460628E+02
   1 0.4511355E+02
   1 0.4506887E+02
   1 0.3650909E+02
   1 0.4463984E+02
   1 0.4392636E+02
   1 0.4449308E+02
   1 0.4442848E+02
   1 0.4376650E+02
   1 0.4461538E+02
   1 0.4459359E+02
   1 0.2054444E+02
   1 0.4480974E+02
   1 0.4489353E+02
   1 0.4471763E+02
   1 0.4365309E+02
   1 0.4432938E+02
   1 0.4398151E+02
   1 0.4405065E+02
   1 0.4443490E+02
   1 0.4411783E+02
   1 0.4417593E+02
   1 0.4363163E+02
   1 0.4484408E+02
   1 0.4372586E+02
   1 0.4440511E+02
   1 0.4471760E+02
   1 0.4410347E+02
   1 0.4524493E+02
   1 0.4385681E+02
   1 0.4464006E+02
   1 0.4561028E+02
   1 0.4382004E+02
   1 0.4495695E+02
   1 0.4455960E+02
   1 0.4405209E+02
   1 0.4381639E+02
   1 0.4415846E+02
   1 0.4482442E+02
   1 0.4361072E+02
   1 0.4389897E+02
   1 0.4464256E+02
   1 0.4414224E+02
   1 0.4418436E+02
   1 0.4394790E+02
   1 0.4417789E+02
   1 0.4449894E+02
   1 0.4493600E+02
   1 0.4372170E+02
   1 0.4452918E+02
   1 0.4506409E+02
   1 0.4449670E+02
   1 0.4437714E+02
   1 0.4406476E+02
   1 0.4470395E+02
   1 0.4378193E+02
   1 0.4401521E+02
   1 0.4539847E+02
   1 0.4441973E+02
   1 0.4499071E+02
   1 0.4418053E+02
   1 0.4408451E+02
   1 0.4452635E+02
   1 0.4349087E+02
   1 0.4435433E+02
   1 0.4322116E+02
   1 0.4444048E+02
   1 0.4396718E+02
   1 0.3006934E+01
   1 0.4481661E+02
   1 0.4338772E+02
   1 0.4529196E+02
   1 0.4430376E+02
   1 0.4432180E+02
   1 0.4531997E+02
   1 0.4415242E+02
   1 0.4453153E+02
   1 0.4471277E+02
   1 0.4396349E+02
   1 0.4417949E+02
   1 0.4431729E+02
   1 0.4430988E+02
   1 0.4379350E+02
   1 0.4386263E+02
   1 0.4459174E+02
   1 0.4391361E+02
   1 0.4411572E+02
   1 0.4395929E+02
   1 0.4512930E+02
   1 0.4456293E+02
   1 0.4417873E+02
   1 0.4373995E+02
   1 0.4478278E+02
   1 0.4368105E+02
   1 0.4439043E+02
   1 0.4475056E+02
   1 0.4415710E+02
   1 0.4500682E+02
   1 0.4504568E+02
   1 0.3785618E+02
   1 0.4429166E+02
   1 0.4380333E+02
   1 0.4475684E+02
   1 0.4504611E+02
   1 0.4362318E+02
   1 0.4387688E+02
   1 0.4417554E+02
   1 0.4455672E+02
   1 0.4542518E+02
   1 0.4383919E+02
   1 0.4488487E+02
   1 0.4392447E+02
   1 0.4344774E+02
   1 0.4419037E+02
   1 0.4454109E+02
   1 0.4413688E+02
   1 0.4432958E+02
   1 0.4390811E+02
   1 0.2124469E+02
   1 0.4432769E+02
   1 0.4489094E+02
   1 0.4414126E+02
   1 0.4420374E+02
   1 0.4406983E+02
   1 0.4463248E+02
   1 0.4351225E+02
   1 0.4431868E+02
   1 0.4367682E+02
   1 0.4371852E+02
   1 0.4451491E+02
   1 0.4483208E+02
   1 0.3928318E+02
   1 0.4423816E+02
   1 0.4403753E+02
   1 0.4506192E+02
   1 0.4464290E+02
   1 0.4463012E+02
   1 0.4421765E+02
   1 0.4364592E+02
   1 0.4462264E+02
   1 0.4389102E+02
   1 0.4390512E+02
   1 0.4386042E+02
   1 0.4364929E+02
   1 0.4487787E+02
   1 0.4395137E+02
   1 0.4437504E+02
   1 0.4352422E+02
   1 0.4504817E+02
   1 0.4501741E+02
   1 0.4392010E+02
   1 0.4429406E+02
   1 0.4473718E+02
   1 0.4443781E+02
   1 0.4323197E+02
   1 0.4395131E+02
   1 0.4418553E+02
   1 0.4477710E+02
   1 0.4366371E+02
   1 0.4414080E+02
   1 0.4475868E+02
   1 0.4374301E+02
   1 0.4425235E+02
   1 0.4503900E+02
   1 0.4412723E+02
   1 0.4419422E+02
   1 0.4408854E+02
   1 0.4447219E+02
   1 0.4535266E+02
   1 0.4478423E+02
   1 0.4461287E+02
   1 0.4401169E+02
   1 0.4433613E+02
   1 0.4426327E+02
   1 0.4431742E+02
   1 0.4363424E+02
   1 0.4456933E+02
   1 0.4338317E+02
   1 0.4464796E+02
   1 0.4414453E+02
   1 0.4495670E+02
   1 0.4323687E+02
   1 0.4444213E+02
   1 0.4383650E+02
   1 0.4447085E+02
   1 0.4471465E+02
   1 0.4386148E+02
   1 0.4515753E+02
   1 0.4418784E+02
   1 0.4399504E+02
   1 0.4461418E+02
   1 0.4378908E+02
   1 0.4433259E+02
   1 0.4558573E+02
   1 0.4412127E+02
   1 0.4482177E+02
   1 0.4425704E+02
   1 0.4540800E+02
   1 0.4390517E+02
   1 0.4359745E+02
   1 0.4410517E+02
   1 0.4409366E+02
   1 0.4403682E+02
   1 0.4486258E+02
   1 0.4425444E+02
   1 0.4497225E+02
   1 0.4390767E+02
   1 0.4406493E+02
   1 0.4399326E+02
   1 0.4438031E+02
   1 0.4481824E+02
   1 0.4430490E+02
   1 0.4386997E+02
   1 0.4530124E+02
   1 0.4449097E+02
   1 0.4519720E+02
   1 0.4339088E+02
   1 0.4410662E+02
   1 0.4498570E+02
   1 0.4400187E+02
   1 0.4402955E+02
   1 0.4417925E+02
   1 0.4389422E+02
   1 0.4489298E+02
   1 0.4455105E+02
   1 0.4376506E+02
   1 0.4442550E+02
   1 0.4369803E+02
   1 0.4457237E+02
   1 0.4531824E+02
   1 0.4396551E+02
   1 0.4390786E+02
   1 0.3893770E+02
   1 0.4442063E+02
   1 0.4402981E+02
   1 0.4425556E+02
   1 0.4386273E+02
   1 0.4444399E+02
   1 0.4411828E+02
   1 0.2484958E+02
   1 0.4468556E+02
   1 0.4481761E+02
   1 0.4411093E+02
   1 0.4448588E+02
   1 0.4461530E+02
   1 0.4449402E+02
   1 0.4421010E+02
   1 0.4492157E+02
   1 0.4337602E+02
   1 0.4438401E+02
   1 0.4426542E+02
   1 0.4413529E+02
   1 0.4489308E+02
   1 0.4495897E+02
   1 0.4402868E+02
   1 0.2550956E+02
   1 0.4462119E+02
   1 0.4404954E+02
   1 0.4475393E+02
   1 0.4489713E+02
   1 0.4437113E+02
   1 0.4381355E+02
   1 0.4513233E+02
   1 0.4448507E+02
   1 0.4382313E+02
   1 0.4366028E+02
   1 0.4427873E+02
   1 0.4380796E+02
   1 0.4409709E+02
   1 0.4410779E+02
   1 0.4457541E+02
   1 0.4396684E+02
   1 0.4325148E+02
   1 0.4417620E+02
   1 0.4368976E+02
   1 0.4494384E+02
   1 0.4429010E+02
   1 0.4450614E+02
   1 0.4088423E+02
   1 0.4395690E+02
   1 0.4440414E+02
   1 0.4449312E+02
   1 0.4465379E+02
   1 0.4410370E+02
   1 0.4388744E+02
   1 0.4557609E+02
   1 0.4408084E+02
   1 0.4434689E+02
   1 0.4435529E+02
   1 0.4473504E+02
   1 0.4433927E+02
   1 0.4366214E+02
   1 0.4359493E+02
   1 0.4460642E+02
   1 0.4401252E+02
   1 0.4427446E+02
   1 0.4396808E+02
   1 0.4425524E+02
   1 0.4335316E+02
   1 0.4455462E+02
   1 0.4418832E+02
   1 0.4446649E+02
   1 0.4462960E+02
   1 0.4433993E+02
   1 0.4379584E+02
   1 0.4565299E+02
   1 0.4405406E+02
   1 0.4512742E+02
   1 0.4436912E+02
   1 0.4390811E+02
   1 0.4468161E+02
   1 0.4452111E+02
   1 0.4366261E+02
   1 0.4444287E+02
   1 0.4474134E+02
   1 0.4372649E+02
   1 0.4423018E+02
   1 0.4512934E+02
   1 0.4484415E+02
   1 0.4397727E+02
   1 0.4410908E+02
   1 0.4329619E+02
   1 0.4344338E+02
   1 0.4485170E+02
   1 0.4399447E+02
   1 0.4428821E+02
   1 0.4504120E+02
   1 0.4378716E+02
   1 0.4426390E+02
   1 0.4406476E+02
   1 0.4423260E+02
   1 0.4408349E+02
   1 0.4421172E+02
   1 0.4478592E+02
   1 0.4547149E+02
   1 0.4398941E+02
   1 0.4412871E+02
   1 0.4434930E+02
   1 0.4404988E+02
   1 0.4474034E+02
   1 0.4508116E+02
   1 0.4426995E+02
   1 0.4411432E+02
   1 0.4464806E+02
   1 0.4390177E+02
   1 0.4435915E+02
   1 0.4463102E+02
   1 0.4513057E+02
   1 0.4402721E+02
   1 0.4468735E+02
   1 0.4365224E+02
   1 0.4394743E+02
   1 0.4428939E+02
   1 0.4517256E+02
   1 0.4508892E+02
   1 0.4465392E+02
   1 0.4353308E+02
   1 0.4459667E+02
   1 0.4431783E+02
   1 0.4391216E+02
   1 0.4543622E+02
   1 0.4348721E+02
   1 0.4419736E+02
   1 0.4433727E+02
   1 0.4379226E+02
   1 0.4449331E+02
   1 0.4436351E+02
   1 0.4364510E+02
   1 0.4501972E+02
   1 0.4336495E+02
   1 0.4347464E+02
   1 0.4428675E+02
   1 0.4422467E+02
   1 0.4477778E+02
   1 0.4435408E+02
   1 0.4396595E+02
   1 0.4378231E+02
   1 0.4452535E+02
   1 0.4354912E+02
   1 0.4421840E+02
   1 0.4469474E+02
   1 0.4408952E+02
   1 0.4387293E+02
   1 0.4438969E+02
   1 0.4484954E+02
   1 0.4424994E+02
   1 0.4429760E+02
   1 0.4442431E+02
   1 0.4399121E+02
   1 0.4487332E+02
   1 0.4397834E+02
   1 0.4431524E+02
   1 0.4404614E+02
   1 0.4495676E+02
   1 0.4434280E+02
   1 0.4467393E+02
   1 0.4482585E+02
   1 0.4512386E+02
   1 0.4411946E+02
   1 0.4455034E+02
   1 0.4436406E+02
   1 0.4404333E+02
   1 0.4448564E+02
   1 0.4377687E+02
   1 0.4401799E+02
   1 0.2954611E+02
   1 0.4444155E+02
   1 0.4485555E+02
   1 0.4427634E+02
   1 0.4447517E+02
   1 0.4525155E+02
   1 0.4394869E+02
   1 0.4418036E+02
   1 0.4492746E+02
   1 0.4392800E+02
   1 0.4491160E+02
   1 0.4476969E+02
   1 0.4477107E+02
   1 0.4543129E+02
   1 0.4429339E+02
   1 0.4386922E+02
   1 0.4035563E+02
   1 0.4379810E+02
   1 0.4405098E+02
   1 0.4392956E+02
   1 0.4451305E+02
   1 0.4386738E+02
   1 0.4421294E+02
   1 0.3337272E+01
   1 0.4443274E+02
   1 0.4379911E+02
   1 0.4432706E+02
   2 0.4385466E+02
   3 0.4452281E+02
   2 0.4495657E+02
   3 0.4464583E+02
   1 0.4431924E+02
   2 0.4392817E+02
   1 0.4386001E+02
   1 0.4396079E+02
   3 0.4450603E+02
   2 0.4434559E+02
   2 0.4348190E+02
   1 0.4484309E+02
   3 0.4428451E+02
   2 0.4446663E+02
   1 0.4442871E+02
   3 0.4449341E+02
   2 0.4453417E+02
   1 0.4421324E+02
   1 0.4539226E+02
   3 0.4423636E+02
   3 0.4395732E+02
   2 0.4396380E+02
   1 0.4431250E+02
   3 0.4423139E+02
   2 0.4490068E+02
   3 0.4440979E+02
   1 0.4436194E+02
   2 0.4376230E+02
   3 0.4450463E+02
   1 0.4544584E+02
   1 0.4417423E+02
   2 0.4449013E+02
   3 0.4383796E+02
   3 0.4414052E+02
   1 0.4446261E+02
   2 0.4442039E+02
   3 0.4468199E+02
   1 0.4444883E+02
   2 0.4425059E+02
   3 0.4432026E+02
   1 0.4364234E+02
   2 0.4428041E+02
   1 0.4468722E+02
   3 0.4449934E+02
   2 0.4490586E+02
   1 0.4314870E+02
   3 0.4492149E+02
   1 0.4400961E+02
   2 0.4418821E+02
   3 0.4453724E+02
   1 0.4449502E+02
   2 0.4461531E+02
   1 0.4388599E+02
   2 0.1772561E+02
   3 0.4420225E+02
   1 0.4426861E+02
   2 0.4445421E+02
   3 0.4471905E+02
   1 0.4409068E+02
   2 0.4414870E+02
   1 0.4403647E+02
   2 0.4475492E+02
   3 0.4367802E+02
   1 0.4409475E+02
   2 0.4414478E+02
   3 0.4448375E+02
   3 0.4501282E+02
   3 0.4457076E+02
   1 0.4463044E+02
   2 0.4409109E+02
   3 0.4405165E+02
   3 0.4440469E+02
   1 0.4485100E+02
   2 0.4433181E+02
   2 0.4470517E+02
   2 0.4346769E+02
   2 0.4555206E+02
   3 0.4475565E+02
   1 0.4459146E+02
   2 0.4430582E+02
   3 0.4437268E+02
   1 0.4383289E+02
   3 0.4371172E+02
   2 0.4393156E+02
   1 0.4443509E+02
   3 0.4507910E+02
   3 0.4325493E+02
   2 0.4433021E+02
   1 0.4444985E+02
   2 0.4454115E+02
   3 0.4417862E+02
   1 0.4409113E+02
   2 0.4351450E+02
   1 0.4465899E+02
   1 0.4469432E+02
   3 0.4413456E+02
   2 0.4493327E+02
   1 0.4400285E+02
   3 0.4407783E+02
   2 0.4436916E+02
   2 0.4444691E+02
   1 0.4459829E+02
   1 0.3379466E+02
   2 0.4344965E+02
   3 0.4450201E+02
   2 0.4427227E+02
   1 0.4473474E+02
   3 0.4407281E+02
   2 0.4438031E+02
   2 0.4326124E+02
   1 0.4477514E+02
   3 0.4440475E+02
   2 0.4445338E+02
   1 0.4487048E+02
   3 0.4449445E+02
   2 0.4411299E+02
   2 0.4472170E+02
   1 0.4443203E+02
   3 0.4481426E+02
   2 0.4451285E+02
   1 0.4381850E+02
   3 0.4389049E+02
   2 0.4399054E+02
   1 0.4434904E+02
   3 0.4445153E+02
   2 0.4384156E+02
   1 0.4495656E+02
   3 0.4445807E+02
   1 0.4448015E+02
   3 0.4489298E+02
   2 0.4417024E+02
   3 0.4409473E+02
   3 0.4355320E+02
   1 0.4364936E+02
   2 0.4445841E+02
   3 0.4421847E+02
   1 0.4392430E+02
   2 0.4505244E+02
   3 0.4402178E+02
   1 0.4480503E+02
   2 0.4373264E+02
   3 0.4393205E+02
   1 0.4453958E+02
   2 0.4430708E+02
   3 0.4407827E+02
   1 0.4433961E+02
   1 0.4374132E+02
   2 0.4391680E+02
   2 0.4481499E+02
   3 0.4438870E+02
   2 0.4380212E+02
   1 0.4377349E+02
   3 0.4500958E+02
   2 0.4425440E+02
   1 0.4393926E+02
   3 0.4422838E+02
   2 0.4401715E+02
   3 0.4447080E+02
   1 0.4372890E+02
   2 0.4423480E+02
   3 0.4435714E+02
   2 0.4466022E+02
   1 0.4430496E+02
   3 0.4452913E+02
   2 0.4349578E+02
   1 0.4345962E+02
   1 0.4495541E+02
   3 0.4425759E+02
   2 0.4422984E+02
   1 0.4447245E+02
   3 0.4418048E+02
   2 0.4351188E+02
   1 0.4530547E+02
   1 0.4238346E+02
   3 0.4357020E+02
   2 0.4424908E+02
   2 0.4467144E+02
   1 0.4471501E+02
   1 0.4301480E+02
   3 0.4464878E+02
   2 0.4375249E+02
   1 0.4385363E+02
   3 0.4399606E+02
   2 0.4512619E+02
   1 0.4470205E+02
   3 0.4410631E+02
   3 0.4485166E+02
   2 0.4476040E+02
   3 0.4401722E+02
   1 0.4465618E+02
   2 0.4369337E+02
   3 0.4387807E+02
   1 0.4427796E+02
   2 0.4334386E+02
   3 0.4460767E+02
   2 0.4396642E+02
   2 0.4128073E+02
   1 0.4456044E+02
   2 0.4398947E+02
   2 0.4426458E+02
   3 0.4430981E+02
   3 0.4460099E+02
   1 0.4417117E+02
   2 0.4443786E+02
   3 0.4414660E+02
   3 0.4558718E+02
   1 0.4467460E+02
   2 0.4513824E+02
   2 0.4538979E+02
   2 0.4504338E+02
   3 0.4454609E+02
   1 0.4450719E+02
   2 0.4419457E+02
   1 0.4338362E+02
   3 0.4367951E+02
   2 0.4341576E+02
   2 0.4587999E+02
   1 0.4443870E+02
   3 0.4458583E+02
   2 0.4425727E+02
   1 0.4387621E+02
   3 0.4410353E+02
   2 0.4426639E+02
   1 0.4395595E+02
   3 0.4315306E+02
   1 0.4388898E+02
   1 0.4450857E+02
   1 0.4457236E+02
   2 0.4495785E+02
   3 0.4380456E+02
   1 0.4530173E+02
   2 0.4479949E+02
   1 0.4420354E+02
   3 0.4443878E+02
   2 0.4516182E+02
   1 0.4411585E+02
   3 0.4404990E+02
   2 0.4370307E+02
   1 0.4409468E+02
   3 0.4377385E+02
   1 0.4479387E+02
   2 0.4371848E+02
   3 0.4447571E+02
   2 0.4494656E+02
   1 0.4388322E+02
   3 0.4428093E+02
   3 0.4334169E+02
   2 0.4436789E+02
   1 0.4444099E+02
   3 0.4418031E+02
   2 0.4566144E+02
   1 0.4417007E+02
   3 0.4431551E+02
   2 0.4433747E+02
   1 0.4513563E+02
   3 0.4447303E+02
   2 0.4478842E+02
   1 0.4432399E+02
   3 0.4469613E+02
   2 0.4447222E+02
   1 0.4445375E+02
   3 0.4463148E+02
   2 0.4402697E+02
   1 0.4358862E+02
   3 0.4423674E+02
   3 0.4428779E+02
   2 0.4437672E+02
   1 0.4430080E+02
   1 0.4523625E+02
   3 0.4369370E+02
   2 0.4409885E+02
   1 0.4357354E+02
   3 0.4441934E+02
   2 0.4456508E+02
   2 0.4493184E+02
   1 0.4392691E+02
   2 0.4484695E+02
   3 0.4445211E+02
   2 0.4503036E+02
   1 0.4407466E+02
   3 0.4448355E+02
   2 0.4461370E+02
   1 0.4450424E+02
   1 0.4423106E+02
   3 0.4429876E+02
   2 0.4403042E+02
   1 0.4445377E+02
   3 0.4505336E+02
   2 0.4441275E+02
   1 0.4366149E+02
   3 0.4440618E+02
   2 0.4357936E+02
   1 0.4527394E+02
   1 0.4373303E+02
   3 0.4411956E+02
   2 0.4452777E+02
   2 0.4463277E+02
   1 0.4413020E+02
   3 0.4303131E+02
   2 0.4500370E+02
   1 0.4426827E+02
   3 0.4512317E+02
   2 0.4455323E+02
   1 0.4429942E+02
   1 0.3403869E+02
   3 0.4414695E+02
   2 0.4438878E+02
   1 0.4436428E+02
   1 0.4425173E+02
   3 0.4425854E+02
   2 0.4434109E+02
   1 0.4387494E+02
   1 0.4458317E+02
   3 0.4410041E+02
   2 0.4452025E+02
   2 0.4473011E+02
   2 0.4517114E+02
   1 0.4398232E+02
   3 0.4375332E+02
   3 0.4430516E+02
   2 0.4463543E+02
   2 0.4435028E+02
   1 0.4461173E+02
   2 0.4399229E+02
   1 0.4438061E+02
   3 0.4473569E+02
   2 0.4404086E+02
   1 0.4371854E+02
   2 0.4453605E+02
   3 0.4385815E+02
   2 0.4398653E+02
   1 0.4516282E+02
   3 0.4367177E+02
   2 0.4435275E+02
   2 0.4497781E+02
   2 0.4494177E+02
   2 0.4537866E+02
   1 0.4421379E+02
   3 0.4363201E+02
   2 0.4414317E+02
   1 0.4400127E+02
   3 0.4382460E+02
   1 0.4459843E+02
   2 0.4487595E+02
   2 0.4421169E+02
   3 0.4483826E+02
   3 0.4462100E+02
   3 0.4546520E+02
   1 0.4396447E+02
   2 0.4477618E+02
   3 0.4467932E+02
   1 0.4433679E+02
   1 0.4440860E+02
   2 0.4343230E+02
   3 0.4456707E+02
   2 0.4364327E+02
   1 0.4373349E+02
   2 0.4473777E+02
   1 0.4389819E+02
   3 0.4385248E+02
   2 0.4339812E+02
   1 0.4419775E+02
   2 0.4439042E+02
   3 0.4398381E+02
   1 0.4451097E+02
   2 0.4516207E+02
   3 0.4467309E+02
   1 0.4424675E+02
   2 0.4402177E+02
   3 0.4400746E+02
   1 0.4495187E+02
   2 0.4427475E+02
   3 0.4398702E+02
   1 0.4394553E+02
   2 0.4377231E+02
   3 0.4447439E+02
   1 0.4436514E+02
   2 0.4469904E+02
   3 0.4524613E+02
   1 0.4398735E+02
   1 0.4480951E+02
   2 0.4472088E+02
   3 0.4393955E+02
   1 0.4456941E+02
   2 0.4450552E+02
   3 0.4438693E+02
   1 0.4433290E+02
   2 0.4428176E+02
   3 0.4490643E+02
   1 0.4470816E+02
   3 0.4518130E+02
   2 0.4408274E+02
   1 0.4399647E+02
   3 0.4418355E+02
   2 0.4345578E+02
   1 0.4463797E+02
   3 0.4380100E+02
   1 0.4504130E+02
   3 0.4458216E+02
   2 0.4465952E+02
   1 0.4441079E+02
   3 0.4377866E+02
   2 0.4500000E+02
   1 0.4450281E+02
   3 0.4406397E+02
   2 0.4454412E+02
   1 0.4494855E+02
   3 0.4410934E+02
   3 0.4551229E+02
   2 0.4419088E+02
   1 0.4422715E+02
   3 0.4478059E+02
   2 0.4425118E+02
   1 0.4397735E+02
   3 0.4440342E+02
   2 0.4356908E+02
   1 0.4441812E+02
   3 0.4416359E+02
   2 0.4449751E+02
   1 0.4414045E+02
   1 0.4393400E+02
   1 0.4371788E+02
   3 0.4452317E+02
   2 0.4380388E+02
   3 0.4421998E+02
   2 0.4517803E+02
   3 0.4344089E+02
   1 0.4451283E+02
   1 0.4476960E+02
   2 0.4433154E+02
   3 0.4447426E+02
   2 0.4405570E+02
   3 0.4425767E+02
   1 0.4398652E+02
   2 0.4401822E+02
   3 0.4407925E+02
   2 0.4560892E+02
   1 0.4429630E+02
   1 0.4448551E+02
   1 0.4342476E+02
   3 0.4454706E+02
   2 0.4425610E+02
   2 0.4431349E+02
   1 0.4440780E+02
   3 0.4420026E+02
   3 0.4461155E+02
   2 0.4357261E+02
   1 0.4417338E+02
   3 0.4403391E+02
   2 0.4413121E+02
   1 0.4530967E+02
   3 0.4434854E+02
   2 0.4533397E+02
   1 0.4424043E+02
   3 0.4465087E+02
   2 0.4400426E+02
   1 0.4391683E+02
   3 0.4427492E+02
   2 0.4457372E+02
   2 0.3684063E+02
   1 0.4470472E+02
   3 0.4404170E+02
   3 0.4318810E+02
   2 0.4459421E+02
   2 0.4453389E+02
   1 0.4436799E+02
   3 0.4483556E+02
   2 0.4388871E+02
   1 0.4421530E+02
   3 0.4418630E+02
   2 0.4392368E+02
   1 0.4390990E+02
   3 0.4412968E+02
   2 0.4419492E+02
   1 0.4498781E+02
   2 0.4481666E+02
   3 0.4380376E+02
   3 0.3940246E+02
   1 0.4477902E+02
   2 0.4447352E+02
   2 0.4345555E+02
   3 0.4402722E+02
   1 0.4462832E+02
   2 0.4417644E+02
   3 0.4369646E+02
   1 0.4392765E+02
   3 0.4402748E+02
   3 0.4371325E+02
   2 0.4518621E+02
   1 0.4476173E+02
   3 0.4394531E+02
   2 0.4410545E+02
   1 0.4438736E+02
   2 0.4504248E+02
   3 0.4407042E+02
   2 0.4373629E+02
   3 0.4370800E+02
   1 0.4403018E+02
   2 0.4437029E+02
   3 0.4459093E+02
   1 0.4410690E+02
   3 0.4449285E+02
   3 0.4330610E+02
   1 0.4459531E+02
   2 0.4396385E+02
   2 0.4498118E+02
   2 0.4461204E+02
   1 0.4403907E+02
   3 0.4487081E+02
   2 0.4426682E+02
   1 0.4475274E+02
   1 0.4486293E+02
   7 0.4412727E+02
   4 0.4424368E+02
   3 0.4419891E+02
   5 0.4492477E+02
   2 0.4453484E+02
   6 0.4362452E+02
   7 0.4383251E+02
   1 0.4454990E+02
   3 0.4420897E+02
   2 0.4459588E+02
   5 0.4393312E+02
   4 0.4341828E+02
   6 0.4416640E+02
   1 0.4474371E+02
   7 0.4398308E+02
   5 0.4459080E+02
   2 0.4420390E+02
   3 0.4415893E+02
   6 0.4482482E+02
   4 0.4502240E+02
   1 0.4404605E+02
   7 0.4415609E+02
   5 0.4402895E+02
   3 0.4441374E+02
   2 0.4465953E+02
   4 0.4506321E+02
   6 0.4420287E+02
   1 0.4501795E+02
   4 0.4465015E+02
   4 0.4445568E+02
   7 0.4388080E+02
   5 0.4391208E+02
   2 0.4476617E+02
   3 0.4397698E+02
   6 0.4392521E+02
   7 0.4454153E+02
   1 0.4436520E+02
   4 0.4475241E+02
   4 0.4304584E+02
   5 0.4451599E+02
   3 0.4390951E+02
   7 0.4381966E+02
   1 0.4420781E+02
   6 0.4442876E+02
   2 0.4426217E+02
   5 0.4414949E+02
   4 0.4435392E+02
   3 0.4494961E+02
   7 0.4386770E+02
   6 0.4428960E+02
   1 0.4425498E+02
   2 0.4475203E+02
   5 0.4422514E+02
   7 0.4443840E+02
   4 0.4412948E+02
   3 0.4401954E+02
   1 0.4452242E+02
   6 0.4485981E+02
   5 0.4422656E+02
   2 0.4437449E+02
   7 0.4378050E+02
   2 0.4508625E+02
   7 0.4361438E+02
   2 0.4431356E+02
   4 0.4431325E+02
   3 0.4466691E+02
   1 0.4417566E+02
   6 0.4394068E+02
   5 0.4427997E+02
   6 0.4412277E+02
   7 0.4380672E+02
   2 0.4464307E+02
   2 0.4444051E+02
   4 0.4481282E+02
   3 0.4406493E+02
   1 0.4437331E+02
   5 0.4472166E+02
   4 0.4400594E+02
   6 0.4438748E+02
   7 0.4446356E+02
   7 0.4413863E+02
   7 0.4495365E+02
   2 0.4423988E+02
   3 0.4499870E+02
   5 0.4449601E+02
   1 0.4411408E+02
   4 0.4348976E+02
   6 0.4472433E+02
   6 0.4416273E+02
   7 0.4408195E+02
   2 0.4466322E+02
   3 0.4510608E+02
   7 0.4395695E+02
   1 0.4466561E+02
   5 0.4411918E+02
   4 0.4409594E+02
   1 0.4388258E+02
   4 0.4407640E+02
   6 0.4404561E+02
   1 0.4393705E+02
   1 0.4529006E+02
   2 0.4462097E+02
   3 0.4380790E+02
   1 0.4409895E+02
   7 0.4434685E+02
   5 0.4388212E+02
   4 0.4393721E+02
   6 0.4433847E+02
   2 0.4441171E+02
   1 0.4420905E+02
   3 0.4417230E+02
   7 0.4396166E+02
   5 0.4490607E+02
   5 0.4394148E+02
   4 0.4445187E+02
   6 0.4491851E+02
   2 0.4444514E+02
   6 0.4406687E+02
   3 0.4412129E+02
   2 0.4474109E+02
   1 0.4431714E+02
   7 0.4415974E+02
   1 0.4510370E+02
   2 0.4393682E+02
   5 0.4445933E+02
   4 0.4368259E+02
   6 0.4452311E+02
   3 0.4423669E+02
   7 0.4380336E+02
   1 0.4358894E+02
   3 0.4442048E+02
   2 0.4391701E+02
   7 0.4461271E+02
   5 0.4416590E+02
   4 0.4504987E+02
   6 0.4493816E+02
   1 0.4430846E+02
   3 0.4345482E+02
   2 0.4404583E+02
   7 0.4438097E+02
   1 0.4493134E+02
   5 0.4412544E+02
   4 0.4464641E+02
   7 0.4426814E+02
   1 0.4438561E+02
   7 0.4430977E+02
   6 0.4486658E+02
   7 0.4504474E+02
   7 0.4460423E+02
   3 0.4507749E+02
   2 0.4408179E+02
   5 0.4374084E+02
   4 0.4496174E+02
   3 0.4366977E+02
   1 0.4451886E+02
   4 0.4517482E+02
   3 0.4392295E+02
   6 0.4436759E+02
   7 0.4404456E+02
   2 0.4511349E+02
   7 0.3253624E+02
   5 0.4411455E+02
   1 0.4478973E+02
   4 0.4384119E+02
   3 0.4454437E+02
   6 0.4438354E+02
   1 0.4408670E+02
   2 0.4433359E+02
   7 0.4453964E+02
   5 0.4396725E+02
   4 0.4407650E+02
   1 0.4442487E+02
   6 0.4391109E+02
   3 0.4484367E+02
   1 0.4141777E+02
   6 0.4312164E+02
   2 0.4439365E+02
   6 0.4337623E+02
   7 0.4450198E+02
   5 0.4439921E+02
   7 0.4458022E+02
   4 0.4453348E+02
   3 0.4439710E+02
   1 0.4372508E+02
   1 0.4521433E+02
   2 0.4427170E+02
   6 0.4420269E+02
   5 0.4373459E+02
   6 0.4411977E+02
   7 0.4416781E+02
   4 0.4436574E+02
   3 0.4429555E+02
   1 0.4455685E+02
   2 0.4417000E+02
   5 0.4444464E+02
   6 0.4422914E+02
   7 0.4448256E+02
   4 0.4385935E+02
   3 0.4539918E+02
   5 0.4368991E+02
   4 0.4514136E+02
   1 0.4542479E+02
   4 0.4342880E+02
   2 0.4426159E+02
   6 0.4430617E+02
   7 0.4488987E+02
   3 0.4458824E+02
   6 0.3048882E+02
   7 0.4454912E+02
   5 0.4465656E+02
   1 0.4410410E+02
   4 0.4553503E+02
   2 0.4388170E+02
   2 0.4481113E+02
   3 0.4518996E+02
   7 0.4369915E+02
   5 0.4446282E+02
   6 0.4423802E+02
   5 0.4431767E+02
   1 0.4384847E+02
   4 0.4520295E+02
   2 0.4451082E+02
   7 0.4442213E+02
   3 0.4460100E+02
   6 0.4446417E+02
   5 0.4395196E+02
   3 0.4493878E+02
   1 0.4438144E+02
   4 0.4371993E+02
   1 0.4523739E+02
   2 0.4470893E+02
   7 0.4373284E+02
   6 0.4419967E+02
   5 0.4456048E+02
   3 0.4410945E+02
   3 0.4411763E+02
   1 0.4423491E+02
   4 0.4451460E+02
   2 0.4503627E+02
   6 0.4525670E+02
   7 0.4367808E+02
   5 0.4450193E+02
   6 0.4538897E+02
   1 0.4472270E+02
   3 0.4446972E+02
   4 0.4436882E+02
   2 0.4394469E+02
   3 0.4427690E+02
   7 0.4404513E+02
   5 0.4413409E+02
   7 0.4484752E+02
   6 0.4374610E+02
   5 0.4399769E+02
   1 0.4430614E+02
   4 0.4456374E+02
   5 0.3521380E+02
   2 0.4465435E+02
   3 0.4472314E+02
   6 0.4447574E+02
   7 0.4394471E+02
   1 0.4368525E+02
   4 0.4414314E+02
   5 0.4490900E+02
   6 0.4397422E+02
   7 0.4416466E+02
   2 0.4430072E+02
   3 0.4442989E+02
   5 0.4322759E+02
   3 0.4038776E+02
   1 0.4381270E+02
   4 0.4451896E+02
   7 0.4423079E+02
   6 0.4386635E+02
   2 0.4351597E+02
   5 0.4395118E+02
   3 0.4474731E+02
   5 0.4396221E+02
   1 0.4384162E+02
   4 0.4422633E+02
   7 0.4408299E+02
   6 0.4384674E+02
   2 0.4368782E+02
   3 0.4368172E+02
   5 0.4392624E+02
   1 0.4432393E+02
   7 0.4511062E+02
   4 0.4439206E+02
   6 0.4443454E+02
   2 0.4481575E+02
   4 0.4499555E+02
   3 0.4437236E+02
   4 0.4504363E+02
   5 0.4420898E+02
   3 0.4478930E+02
   5 0.4542230E+02
   3 0.4377187E+02
   1 0.4379340E+02
   3 0.4487210E+02
   7 0.4428708E+02
   6 0.4428415E+02
   2 0.4435701E+02
   3 0.4070618E+02
   7 0.3440669E+02
   6 0.4398393E+02
   2 0.4466774E+02
   4 0.4420352E+02
   2 0.4468126E+02
   5 0.4381848E+02
   1 0.4343275E+02
   3 0.4398707E+02
   7 0.4429256E+02
   6 0.4458714E+02
   4 0.4402698E+02
   2 0.4468375E+02
   2 0.4428916E+02
   5 0.4431131E+02
   1 0.4428179E+02
   3 0.4444209E+02
   7 0.4525108E+02
   6 0.4442690E+02
   7 0.4377799E+02
   4 0.4468731E+02
   5 0.4437442E+02
   2 0.4423689E+02
   1 0.4365724E+02
   3 0.4467930E+02
   6 0.4457973E+02
   7 0.4392192E+02
   4 0.4452167E+02
   5 0.4432820E+02
   2 0.4381722E+02
   1 0.4357958E+02
   3 0.4409948E+02
   6 0.4363035E+02
   7 0.4400557E+02
   4 0.4429040E+02
   6 0.4467836E+02
   2 0.4449377E+02
   5 0.4405425E+02
   1 0.4454191E+02
   3 0.4368373E+02
   7 0.4460621E+02
   4 0.4422976E+02
   6 0.4511229E+02
   5 0.4465126E+02
   2 0.4425669E+02
   6 0.4528651E+02
   1 0.4396412E+02
   3 0.4373211E+02
   7 0.4437289E+02
   4 0.4362856E+02
   7 0.3682267E+02
   5 0.4391516E+02
   2 0.4507560E+02
   1 0.4434288E+02
   6 0.4447489E+02
   7 0.4236381E+02
   7 0.4369818E+02
   7 0.4484645E+02
   3 0.4395193E+02
   7 0.4467349E+02
   4 0.4417258E+02
   5 0.4399133E+02
   2 0.4381234E+02
   1 0.4406817E+02
   6 0.4410608E+02
   2 0.4566018E+02
   2 0.4435106E+02
   3 0.4461800E+02
   7 0.4422457E+02
   3 0.4533527E+02
   4 0.4449944E+02
   5 0.4430605E+02
   7 0.4515384E+02
   1 0.4484766E+02
   6 0.4460770E+02
   7 0.2099250E+02
   2 0.4490525E+02
   7 0.4397528E+02
   3 0.4393419E+02
   5 0.4459844E+02
   4 0.4425854E+02
   1 0.4466717E+02
   4 0.4525938E+02
   6 0.4393903E+02
   4 0.4539646E+02
   1 0.4410684E+02
   2 0.4429380E+02
   7 0.4461556E+02
   3 0.4479029E+02
   5 0.4394060E+02
   6 0.4484284E+02
   4 0.4424011E+02
   2 0.4455980E+02
   1 0.4378361E+02
   7 0.4396525E+02
   3 0.4409550E+02
   5 0.4473248E+02
   6 0.4453116E+02
   4 0.4504439E+02
   2 0.4418600E+02
   1 0.4398020E+02
   7 0.4460153E+02
   3 0.4461036E+02
   5 0.4424540E+02
   5 0.4503862E+02
   6 0.4426760E+02
   2 0.4415783E+02
   4 0.4432980E+02
   1 0.4458233E+02
   7 0.4390297E+02
   3 0.4426746E+02
   5 0.4402341E+02
   6 0.4433440E+02
   2 0.4426431E+02
   1 0.4537613E+02
   4 0.4473540E+02
   7 0.4445668E+02
   6 0.4324914E+02
   3 0.4390702E+02
   3 0.4490603E+02
   5 0.4397340E+02
   3 0.4406703E+02
   2 0.4475915E+02
   1 0.4397963E+02
   4 0.4392042E+02
   7 0.4431896E+02
   6 0.4383315E+02
   5 0.4409136E+02
   3 0.4432478E+02
   2 0.4380376E+02
   1 0.4386485E+02
   7 0.4415830E+02
   4 0.4455154E+02
   6 0.4463191E+02
   1 0.4508576E+02
   7 0.4461224E+02
   6 0.4492411E+02
   4 0.4414849E+02
   6 0.4399125E+02
   6 0.4477998E+02
   5 0.4390033E+02
   3 0.4433040E+02
   2 0.4426892E+02
   1 0.4456101E+02
   7 0.4434115E+02
   4 0.4488106E+02
   4 0.4429274E+02
   6 0.4393711E+02
   5 0.4522488E+02
   2 0.4475057E+02
   3 0.4417866E+02
   1 0.4428319E+02
   7 0.4363797E+02
   4 0.4466886E+02
   6 0.4481700E+02
   5 0.4373778E+02
   2 0.4365023E+02
   6 0.4507282E+02
   3 0.4442789E+02
   1 0.4443199E+02
   7 0.4446964E+02
   7 0.3562652E+02
   4 0.4450665E+02
   5 0.4386231E+02
   6 0.4391594E+02
   2 0.4380102E+02
   3 0.4460634E+02
   1 0.4405737E+02
   7 0.4387529E+02
   4 0.4432694E+02
   7 0.4468926E+02
   5 0.4459007E+02
   4 0.4520349E+02
   7 0.4479477E+02
   2 0.4414524E+02
   6 0.4363140E+02
   3 0.4426060E+02
   5 0.4491450E+02
   1 0.4365275E+02
   5 0.4555406E+02
   3 0.4316568E+02
   6 0.4374617E+02
   4 0.4488993E+02
   7 0.4365611E+02
   2 0.4439227E+02
   4 0.7587109E+01
   7 0.2603051E+02
   1 0.4446789E+02
   2 0.4475651E+02
   5 0.4398807E+02
   4 0.4536412E+02
   3 0.4418760E+02
   6 0.4457408E+02
   1 0.4398173E+02
   5 0.4437784E+02
   7 0.4395933E+02
   2 0.4339623E+02
   4 0.4523159E+02
   6 0.4420031E+02
   1 0.4461960E+02
   3 0.4378636E+02
   5 0.4453435E+02
   3 0.4504648E+02
   7 0.4441176E+02
   2 0.4426691E+02
   4 0.4461367E+02
   6 0.4431736E+02
   1 0.4433804E+02
   5 0.4374993E+02
   3 0.4531095E+02
  12 0.4410036E+02
  10 0.4554182E+02
   8 0.4467591E+02
   3 0.4425600E+02
   2 0.4360059E+02
  15 0.4487308E+02
   2 0.4605000E+02
   9 0.4367229E+02
   5 0.4339676E+02
   8 0.4370481E+02
   3 0.4420812E+02
   9 0.3213102E+02
   2 0.4229623E+02
  12 0.4450670E+02
   5 0.4461246E+02
  11 0.4392794E+02
   1 0.4406930E+02
  15 0.4453023E+02
  14 0.4481190E+02
   6 0.4399421E+02
  10 0.4402621E+02
   9 0.4401403E+02
   1 0.4442652E+02
  12 0.4445865E+02
  12 0.4411592E+02
   8 0.4471312E+02
  12 0.3411138E+02
   3 0.4435318E+02
   2 0.4398348E+02
  15 0.4451358E+02
   9 0.4399295E+02
  11 0.4549655E+02
  11 0.4460500E+02
  12 0.4440371E+02
   6 0.4432780E+02
  14 0.4404283E+02
  10 0.4442785E+02
   1 0.4394778E+02
  15 0.4413689E+02
   8 0.4440488E+02
   9 0.4365178E+02
  14 0.4426597E+02
   7 0.4420684E+02
   4 0.4414307E+02
  13 0.4464016E+02
  15 0.4382851E+02
   3 0.4403953E+02
   2 0.4490613E+02
  12 0.4455241E+02
  12 0.4465732E+02
   5 0.4427295E+02
   9 0.4425548E+02
  11 0.4470652E+02
  15 0.4431475E+02
   9 0.3422069E+02
   6 0.4401035E+02
  10 0.4561063E+02
   1 0.4442847E+02
   8 0.4419999E+02
  14 0.4447001E+02
  12 0.4464617E+02
   8 0.4366654E+02
  12 0.4526500E+02
   3 0.4397109E+02
  15 0.4410118E+02
   2 0.4414575E+02
   9 0.4477263E+02
  11 0.4409766E+02
   6 0.4361079E+02
  12 0.4396937E+02
  10 0.4518418E+02
  15 0.4381653E+02
   1 0.4493481E+02
  12 0.4488287E+02
   9 0.4416378E+02
  14 0.4416935E+02
  10 0.4518877E+02
   6 0.4343414E+02
   8 0.4407704E+02
  12 0.4399055E+02
   9 0.4407241E+02
  14 0.4350750E+02
  12 0.4450693E+02
   3 0.4487104E+02
   2 0.4429470E+02
  15 0.4408518E+02
   4 0.4482149E+02
  11 0.4461487E+02
  13 0.4352656E+02
   7 0.4451199E+02
   3 0.4441563E+02
  11 0.4481167E+02
   3 0.4452872E+02
   9 0.4387430E+02
  12 0.4468057E+02
   1 0.4427627E+02
   5 0.4433413E+02
  13 0.4399145E+02
   8 0.4450068E+02
  10 0.4395282E+02
   6 0.4489267E+02
  15 0.4415738E+02
   1 0.4508281E+02
   8 0.4425598E+02
  14 0.4399278E+02
  10 0.4421561E+02
   2 0.4437252E+02
   8 0.4530509E+02
   9 0.4377323E+02
  12 0.4433263E+02
  11 0.4398218E+02
   3 0.4477299E+02
  12 0.4427709E+02
  15 0.4403153E+02
  15 0.2209852E+02
   9 0.4468290E+02
   1 0.4456559E+02
   6 0.4446457E+02
  14 0.4448773E+02
   1 0.4232826E+02
   2 0.4387619E+02
  10 0.4397648E+02
  12 0.4430998E+02
  15 0.4411055E+02
   8 0.4454973E+02
  11 0.4471316E+02
   3 0.4486039E+02
   9 0.4481182E+02
  12 0.4418980E+02
   4 0.4394142E+02
   7 0.4410459E+02
  15 0.4461630E+02
   6 0.4382299E+02
   7 0.4440312E+02
   4 0.4469729E+02
   9 0.4383512E+02
   2 0.4395137E+02
  14 0.4428964E+02
   1 0.4480447E+02
   5 0.4481856E+02
  13 0.4487056E+02
  10 0.4422376E+02
   8 0.4405409E+02
   9 0.4368163E+02
   3 0.4403029E+02
   1 0.4499393E+02
  12 0.4455360E+02
  11 0.4425520E+02
  15 0.4415935E+02
  12 0.4437391E+02
   1 0.4478815E+02
  12 0.4527366E+02
  11 0.4459353E+02
   9 0.4464711E+02
   9 0.4544157E+02
   6 0.4440671E+02
   2 0.4482633E+02
  15 0.4364517E+02
  10 0.4397560E+02
  14 0.4459578E+02
   8 0.4410852E+02
  12 0.4475354E+02
  10 0.4490924E+02
   3 0.4409240E+02
  12 0.4378102E+02
  11 0.4392877E+02
   1 0.4384960E+02
   9 0.4426754E+02
  15 0.4496316E+02
   6 0.4402072E+02
   2 0.4412557E+02
  14 0.4495541E+02
  12 0.4356167E+02
   8 0.4437711E+02
   9 0.4372463E+02
  10 0.4421178E+02
   3 0.4430104E+02
  15 0.4429273E+02
  11 0.4441779E+02
   4 0.4416155E+02
   1 0.4427282E+02
   7 0.4363552E+02
   5 0.4477417E+02
  13 0.4463418E+02
  12 0.4417543E+02
   9 0.4481622E+02
   9 0.3580206E+02
  15 0.4402490E+02
   8 0.4408437E+02
   6 0.4396204E+02
   2 0.4325621E+02
  14 0.4423437E+02
  10 0.4461060E+02
   3 0.4451244E+02
   6 0.4363722E+02
  12 0.4446512E+02
  11 0.4461415E+02
   1 0.4474418E+02
  12 0.4379956E+02
   9 0.4423999E+02
  15 0.4451381E+02
   9 0.4523840E+02
   9 0.4424914E+02
   8 0.4475376E+02
   9 0.4500369E+02
   2 0.4436188E+02
  12 0.4460824E+02
  14 0.4448811E+02
  15 0.4430847E+02
   8 0.4369588E+02
  10 0.4425204E+02
   3 0.4437957E+02
   6 0.4450121E+02
  15 0.4464236E+02
  11 0.4361098E+02
   8 0.4515758E+02
  10 0.4403909E+02
   1 0.4366611E+02
   8 0.4422875E+02
   9 0.4360962E+02
  12 0.4367631E+02
   8 0.4347629E+02
  15 0.4493069E+02
   4 0.4373359E+02
   7 0.4413624E+02
   5 0.4391364E+02
  13 0.4440905E+02
   8 0.4512245E+02
   2 0.4407535E+02
  14 0.4462324E+02
   9 0.4460986E+02
   3 0.4435541E+02
   2 0.4415336E+02
  11 0.4397501E+02
   9 0.4514702E+02
   6 0.4419454E+02
  12 0.4460367E+02
   7 0.4479426E+02
  14 0.4380990E+02
   1 0.4490413E+02
  10 0.4446508E+02
   6 0.4522333E+02
  15 0.4456854E+02
  11 0.4431080E+02
   6 0.4474228E+02
   1 0.4355940E+02
  11 0.4479161E+02
   9 0.4393520E+02
   1 0.4565309E+02
  12 0.4440559E+02
   8 0.4393374E+02
  15 0.4429474E+02
   3 0.4420015E+02
   2 0.4459036E+02
  14 0.4517227E+02
  10 0.4485824E+02
   9 0.4425855E+02
  12 0.4482649E+02
  10 0.4525671E+02
   6 0.4458541E+02
  15 0.4378268E+02
  11 0.4441744E+02
   1 0.4431820E+02
  10 0.4433750E+02
   8 0.4378343E+02
  11 0.4420419E+02
   9 0.4412464E+02
  12 0.4490136E+02
  10 0.4426896E+02
  14 0.4443488E+02
   9 0.4352692E+02
   3 0.4456649E+02
  15 0.4387866E+02
   2 0.4424616E+02
   4 0.4498915E+02
  10 0.4532088E+02
  14 0.4398609E+02
   5 0.4460465E+02
  13 0.4392774E+02
   2 0.4466834E+02
   6 0.4432439E+02
  14 0.4345273E+02
   7 0.4368224E+02
  12 0.4409649E+02
   1 0.4451787E+02
   9 0.4457767E+02
   8 0.4407353E+02
  11 0.4455035E+02
   9 0.4412994E+02
  15 0.4322879E+02
   9 0.2717836E+02
  15 0.4466302E+02
  10 0.4478799E+02
   3 0.4418288E+02
  12 0.4403996E+02
   2 0.4397140E+02
   6 0.4468076E+02
  14 0.4415438E+02
   9 0.4420681E+02
  15 0.4437704E+02
   1 0.4420800E+02
   6 0.4477179E+02
   9 0.4414749E+02
   1 0.4460767E+02
  12 0.4467803E+02
   8 0.4436520E+02
   9 0.3206207E+02
  11 0.4391611E+02
  12 0.4459268E+02
   9 0.4466570E+02
  10 0.4399102E+02
  11 0.4473080E+02
  12 0.4416222E+02
  15 0.4329921E+02
   3 0.4387085E+02
  11 0.4081935E+02
   2 0.4478791E+02
   9 0.4464506E+02
  14 0.4438059E+02
   6 0.4477286E+02
   4 0.4353822E+02
  12 0.4497538E+02
   8 0.4390054E+02
  15 0.4388616E+02
   1 0.4473026E+02
   5 0.4396868E+02
  13 0.4447861E+02
   7 0.4404262E+02
   4 0.4442852E+02
  10 0.4423355E+02
   8 0.4436802E+02
   9 0.4532394E+02
  11 0.4454503E+02
   3 0.4420042E+02
   8 0.4345202E+02
   2 0.4430607E+02
  12 0.4402560E+02
  15 0.4473373E+02
  11 0.4456343E+02
   8 0.4400953E+02
   2 0.4509059E+02
  14 0.4358940E+02
   6 0.4397788E+02
   8 0.4439685E+02
   9 0.4394788E+02
   1 0.4389465E+02
  10 0.4398313E+02
  12 0.4419034E+02
  15 0.4391163E+02
   3 0.4437050E+02
  11 0.4398257E+02
   3 0.4498523E+02
   9 0.4440713E+02
   2 0.4431653E+02
   3 0.4416948E+02
  12 0.4399839E+02
  15 0.4437298E+02
   8 0.4370936E+02
  14 0.4393534E+02
   6 0.4461663E+02
  15 0.3357181E+02
   3 0.4491652E+02
   1 0.4402203E+02
  14 0.4396316E+02
  10 0.4501429E+02
   3 0.4551436E+02
   9 0.4400113E+02
   1 0.4448857E+02
   9 0.4398207E+02
  12 0.4430042E+02
   5 0.4424612E+02
   9 0.4267255E+02
  13 0.4455347E+02
   7 0.4427614E+02
   4 0.4427743E+02
  15 0.4392034E+02
   2 0.4456106E+02
  11 0.4484554E+02
   2 0.4409409E+02
   8 0.4455903E+02
  13 0.4441880E+02
   6 0.4406996E+02
  14 0.4396295E+02
   3 0.4448732E+02
  12 0.4452185E+02
   9 0.4449156E+02
  15 0.4445596E+02
  10 0.4402552E+02
  12 0.4453454E+02
   1 0.4421484E+02
  11 0.4483331E+02
   2 0.4412271E+02
   9 0.4455756E+02
   8 0.4402164E+02
  15 0.4490594E+02
  11 0.4445432E+02
  12 0.4384727E+02
   6 0.4420716E+02
  11 0.4369395E+02
  14 0.4414544E+02
   3 0.4426027E+02
  10 0.4387666E+02
   3 0.4384543E+02
   9 0.4408362E+02
   1 0.4447906E+02
  15 0.4418666E+02
  10 0.4428688E+02
  12 0.4396913E+02
   1 0.4475925E+02
   2 0.4450571E+02
  12 0.4444001E+02
  10 0.4510924E+02
   8 0.4400272E+02
   2 0.4347170E+02
   9 0.4482421E+02
   6 0.4504167E+02
  15 0.4378345E+02
   8 0.4325999E+02
   4 0.4511655E+02
   7 0.4461936E+02
   5 0.4476796E+02
  11 0.4357008E+02
  14 0.4457499E+02
  13 0.4411986E+02
   6 0.4448710E+02
  12 0.4436387E+02
   3 0.4419290E+02
  12 0.4467143E+02
  12 0.4195000E+02
   5 0.4431832E+02
   9 0.4383127E+02
   1 0.4556249E+02
  15 0.4494762E+02
  10 0.4439105E+02
   2 0.4485975E+02
   5 0.4468306E+02
   8 0.4490674E+02
  11 0.4394354E+02
  12 0.4425661E+02
  14 0.4361556E+02
   6 0.4455931E+02
  15 0.4450602E+02
   9 0.4315835E+02
   3 0.4389062E+02
  14 0.4528442E+02
  15 0.4378997E+02
   1 0.4386432E+02
  10 0.4448516E+02
  12 0.4442140E+02
   2 0.4430401E+02
   9 0.4411986E+02
  15 0.4501519E+02
   8 0.4418589E+02
  11 0.4441453E+02
   3 0.4418893E+02
   6 0.4397342E+02
  14 0.4365696E+02
   8 0.4440372E+02
  12 0.4435087E+02
   3 0.4507131E+02
   9 0.4434367E+02
   4 0.4432065E+02
   9 0.4444946E+02
   8 0.4338418E+02
  13 0.4357275E+02
   2 0.4406977E+02
   1 0.4428271E+02
  15 0.4355639E+02
   7 0.4372218E+02
  10 0.4359486E+02
  12 0.4422646E+02
  10 0.4438079E+02
   5 0.4471530E+02
  11 0.4416747E+02
   9 0.4458861E+02
  15 0.4484644E+02
   6 0.4447230E+02
  14 0.4378694E+02
   3 0.4426438E+02
   9 0.4394011E+02
  14 0.3160131E+02
   8 0.4461868E+02
  12 0.4389255E+02
   2 0.4437279E+02
   1 0.4432377E+02
  14 0.4364222E+02
  15 0.4468139E+02
   9 0.4371524E+02
  10 0.4444616E+02
  11 0.4312232E+02
   9 0.4457910E+02
  12 0.4329852E+02
  10 0.4495078E+02
   9 0.4437340E+02
   6 0.4435246E+02
   3 0.4391283E+02
  12 0.4502708E+02
   6 0.4538505E+02
   8 0.4318197E+02
  15 0.4372574E+02
   1 0.4498634E+02
   2 0.4460464E+02
  14 0.4412631E+02
   4 0.4460575E+02
  11 0.4405086E+02
   9 0.4413370E+02
  12 0.4370223E+02
  13 0.4421311E+02
   7 0.4423508E+02
  10 0.4466202E+02
   3 0.4482065E+02
   5 0.4436985E+02
   2 0.1921573E+02
  24 0.4291605E+02
  13 0.4424309E+02
   5 0.4481247E+02
  17 0.4442748E+02
   1 0.4435720E+02
   4 0.4345649E+02
  19 0.4395061E+02
   6 0.4474907E+02
   9 0.4455244E+02
  27 0.4362745E+02
  21 0.2734589E+02
   6 0.4383081E+02
   3 0.4476286E+02
  18 0.4424936E+02
  20 0.4495148E+02
   5 0.4424024E+02
   2 0.4385936E+02
  25 0.4364747E+02
  18 0.4547729E+02
  13 0.4446001E+02
  17 0.4372196E+02
  24 0.4430401E+02
   1 0.4423810E+02
   4 0.4394918E+02
  18 0.4486748E+02
  19 0.4456991E+02
  17 0.4456669E+02
  24 0.3776729E+02
   1 0.4441133E+02
   9 0.4395971E+02
  24 0.4524595E+02
  18 0.4465048E+02
   3 0.4364935E+02
  27 0.4419169E+02
   6 0.4481412E+02
  23 0.4387235E+02
   5 0.4447118E+02
   2 0.4444742E+02
  20 0.4404645E+02
  19 0.4479516E+02
  20 0.4496790E+02
   4 0.4441441E+02
  17 0.4456205E+02
  19 0.4493259E+02
   1 0.4474213E+02
  25 0.4450107E+02
   9 0.4393430E+02
  19 0.4537389E+02
   1 0.4539092E+02
   4 0.4471106E+02
   9 0.3627503E+02
  13 0.4446587E+02
  20 0.4365809E+02
   6 0.4458143E+02
   3 0.4372851E+02
  26 0.4476319E+02
  11 0.4408361E+02
  20 0.4421602E+02
   5 0.4435256E+02
  27 0.4362520E+02
   3 0.3824308E+02
  24 0.4418361E+02
  11 0.4259755E+02
  17 0.4383209E+02
  31 0.4385958E+02
  12 0.4429265E+02
  20 0.3783172E+02
   1 0.4441534E+02
   4 0.4417079E+02
   9 0.4460840E+02
  18 0.4460098E+02
   2 0.4476106E+02
   7 0.4437167E+02
  19 0.4406684E+02
  30 0.4489472E+02
   9 0.1437372E+02
   6 0.4405054E+02
   2 0.4479595E+02
  25 0.4434070E+02
   5 0.4426099E+02
   6 0.4448680E+02
  13 0.4464616E+02
  17 0.4394946E+02
  12 0.4505726E+02
  20 0.4449093E+02
  17 0.4396117E+02
  24 0.4392263E+02
   7 0.4423546E+02
  26 0.4463102E+02
   4 0.4414305E+02
   9 0.4382499E+02
  30 0.4388837E+02
   3 0.4464463E+02
   4 0.4328192E+02
  31 0.4470290E+02
  30 0.4500799E+02
  27 0.4378604E+02
  19 0.4406367E+02
   3 0.4426566E+02
  13 0.4418391E+02
  11 0.4421014E+02
   2 0.4525499E+02
   5 0.4377760E+02
  16 0.4420775E+02
   3 0.4428164E+02
  13 0.4420075E+02
  16 0.4454435E+02
  17 0.4400880E+02
  12 0.4502149E+02
  20 0.4424845E+02
   9 0.4439224E+02
  26 0.4419149E+02
   6 0.4464543E+02
   9 0.4452158E+02
   7 0.4397892E+02
   4 0.4393536E+02
  30 0.4367685E+02
   9 0.4513638E+02
  27 0.4458776E+02
  14 0.4397848E+02
  22 0.4466141E+02
  12 0.4549849E+02
  18 0.4374027E+02
   7 0.4482772E+02
  19 0.4412065E+02
  15 0.4455856E+02
   4 0.4473186E+02
  25 0.4462603E+02
   9 0.4467940E+02
  27 0.4423900E+02
  29 0.4413938E+02
   7 0.8380925E+01
  19 0.4144793E+02
  24 0.4476493E+02
  16 0.4441050E+02
  11 0.4448200E+02
   3 0.4428513E+02
  31 0.4432043E+02
   2 0.4379725E+02
  31 0.3868347E+02
  20 0.4382169E+02
  27 0.4444552E+02
   1 0.4448973E+02
  13 0.4459174E+02
  22 0.4413622E+02
  31 0.4403146E+02
  20 0.4396821E+02
   8 0.4455783E+02
  12 0.4446296E+02
  30 0.4387708E+02
  25 0.4390053E+02
  18 0.4400722E+02
   4 0.4422805E+02
  15 0.4385060E+02
  21 0.4349614E+02
  12 0.4546062E+02
  28 0.4453699E+02
   5 0.4434494E+02
   6 0.4372734E+02
   7 0.4414466E+02
   9 0.4370402E+02
  10 0.4464317E+02
  17 0.4511647E+02
   7 0.4449081E+02
  23 0.4477896E+02
  27 0.4468101E+02
  11 0.4411223E+02
   3 0.4404651E+02
  26 0.4447827E+02
   6 0.4032626E+02
  31 0.4466083E+02
  20 0.4480968E+02
  14 0.4410844E+02
  31 0.4522029E+02
  30 0.4438288E+02
  26 0.4416617E+02
  24 0.4447327E+02
  25 0.4457721E+02
  19 0.4521852E+02
   4 0.4394650E+02
   5 0.4394685E+02
  30 0.4431174E+02
  13 0.4482529E+02
  16 0.4455820E+02
  12 0.4398867E+02
  25 0.4370105E+02
   2 0.4429944E+02
  12 0.6761372E+01
  27 0.4418346E+02
   7 0.4408383E+02
  18 0.4372531E+02
   6 0.4428026E+02
   2 0.4530595E+02
  12 0.4507197E+02
  10 0.4446845E+02
  17 0.4520421E+02
   9 0.4470493E+02
   1 0.4447281E+02
  24 0.4432446E+02
  18 0.4480352E+02
   6 0.4476185E+02
   4 0.4456247E+02
  19 0.4459306E+02
   3 0.4454274E+02
  30 0.4410850E+02
   1 0.4441862E+02
  10 0.4553281E+02
  31 0.4459069E+02
  20 0.4374545E+02
  26 0.4467321E+02
  16 0.4451715E+02
  11 0.4438537E+02
  27 0.4454206E+02
   9 0.4497419E+02
  24 0.4469962E+02
  14 0.4346313E+02
   2 0.4500647E+02
  12 0.4440220E+02
  19 0.4386086E+02
   4 0.4386123E+02
  17 0.4518127E+02
  13 0.4450782E+02
   5 0.4453240E+02
  30 0.4425921E+02
   1 0.4440645E+02
  18 0.4425290E+02
  20 0.4417220E+02
   3 0.4410443E+02
  25 0.4421742E+02
  26 0.4414709E+02
   8 0.4392436E+02
   5 0.4490818E+02
  16 0.4399761E+02
  31 0.4417701E+02
   6 0.4408065E+02
   7 0.4394247E+02
  20 0.4491789E+02
  27 0.4442401E+02
   2 0.4347530E+02
   9 0.4466742E+02
  29 0.4468115E+02
   3 0.4442755E+02
   9 0.4495786E+02
   4 0.4457237E+02
  12 0.4402612E+02
   1 0.4410904E+02
  30 0.4481357E+02
  13 0.4374891E+02
  29 0.4487744E+02
  19 0.4490891E+02
  28 0.4382511E+02
  21 0.4460413E+02
   5 0.4422272E+02
  31 0.4443784E+02
   2 0.4417935E+02
  16 0.4437433E+02
  27 0.4437014E+02
  20 0.4398500E+02
  11 0.4385066E+02
   5 0.4390213E+02
   9 0.4432262E+02
  21 0.4480901E+02
  23 0.4504654E+02
   2 0.4420202E+02
   4 0.4475461E+02
  18 0.4440871E+02
  12 0.4463361E+02
  30 0.4432661E+02
   1 0.4493192E+02
  15 0.4446066E+02
  26 0.4413791E+02
  12 0.4486391E+02
  24 0.4520842E+02
   6 0.4449863E+02
  27 0.4418347E+02
  17 0.4389017E+02
  22 0.4397095E+02
   3 0.4440576E+02
  26 0.4216648E+02
  28 0.4357430E+02
   7 0.4441741E+02
  25 0.4357268E+02
  31 0.4465777E+02
  20 0.4452948E+02
   4 0.4397576E+02
  30 0.4432917E+02
  13 0.4436695E+02
   1 0.4400159E+02
   9 0.4511770E+02
  12 0.4460509E+02
   6 0.4420316E+02
  19 0.4397068E+02
   2 0.4357688E+02
  10 0.4416396E+02
   9 0.4553630E+02
  11 0.4423115E+02
  16 0.4421637E+02
  27 0.4477422E+02
   3 0.4456071E+02
  24 0.4374921E+02
   8 0.4536044E+02
  25 0.4436692E+02
  28 0.4430898E+02
   5 0.4438573E+02
  26 0.4449084E+02
  18 0.4420592E+02
   6 0.4430222E+02
  19 0.4468997E+02
   7 0.4442782E+02
  17 0.4439284E+02
   4 0.4511825E+02
   2 0.4430406E+02
  30 0.4376587E+02
  31 0.4434092E+02
  26 0.4414148E+02
  20 0.4483830E+02
   2 0.4472868E+02
  24 0.4437325E+02
  14 0.4484403E+02
  12 0.4431052E+02
  13 0.4414118E+02
   1 0.4345274E+02
  19 0.4427648E+02
  14 0.4493335E+02
  31 0.4386455E+02
   6 0.4388136E+02
   3 0.4423304E+02
  17 0.4426982E+02
  16 0.4491771E+02
   5 0.4466849E+02
  19 0.4501189E+02
  31 0.4481799E+02
  30 0.4394360E+02
   5 0.4631255E+02
  25 0.4436745E+02
   3 0.4456943E+02
  26 0.4373130E+02
  20 0.4479299E+02
   2 0.4323182E+02
  24 0.4447878E+02
  18 0.4398341E+02
   9 0.4420209E+02
  13 0.4493646E+02
   1 0.4421596E+02
  23 0.4481498E+02
  28 0.4350354E+02
  29 0.4406471E+02
   7 0.4463759E+02
  11 0.4371556E+02
   2 0.4431272E+02
  16 0.4503201E+02
  25 0.4381549E+02
  13 0.4450375E+02
  27 0.4451428E+02
  28 0.4402955E+02
   4 0.4374008E+02
  17 0.4343071E+02
  11 0.4412502E+02
   6 0.4476476E+02
  10 0.4483932E+02
  20 0.4469281E+02
  21 0.4331683E+02
   5 0.4409243E+02
  15 0.4377476E+02
  22 0.4490981E+02
   8 0.4445588E+02
   3 0.4457670E+02
   5 0.3154249E+02
   2 0.4469198E+02
  12 0.4393092E+02
   1 0.4492173E+02
  11 0.4489359E+02
  30 0.4505579E+02
   4 0.4419448E+02
  22 0.4490396E+02
  14 0.4389553E+02
  26 0.4420161E+02
  19 0.4427241E+02
  25 0.4441571E+02
   9 0.4411563E+02
  16 0.4440423E+02
  27 0.4437049E+02
  18 0.4417028E+02
   9 0.4028889E+02
  25 0.4457583E+02
  17 0.4391220E+02
   6 0.4449011E+02
  31 0.4442862E+02
  11 0.4312728E+02
   3 0.4468747E+02
   7 0.4473056E+02
   2 0.4401999E+02
   5 0.4423978E+02
  12 0.4441251E+02
  24 0.4426850E+02
  28 0.4435297E+02
  20 0.4430765E+02
  13 0.4380027E+02
  12 0.3456427E+02
   5 0.4376885E+02
   9 0.4427995E+02
  12 0.4499682E+02
  30 0.4364210E+02
  25 0.4398744E+02
   1 0.4408118E+02
  23 0.4462618E+02
   8 0.4370926E+02
   4 0.4442317E+02
   8 0.4487315E+02
  17 0.4472903E+02
   6 0.4468972E+02
  18 0.4412604E+02
   3 0.4355869E+02
  27 0.4384355E+02
  19 0.4409569E+02
  26 0.4401799E+02
  20 0.4373184E+02
  31 0.4396147E+02
  16 0.4392361E+02
  29 0.4447455E+02
  24 0.4470464E+02
   2 0.4411677E+02
  28 0.4445706E+02
  22 0.4329744E+02
   8 0.4542167E+02
  14 0.4409800E+02
   2 0.4395337E+02
   7 0.4380438E+02
  13 0.4405909E+02
  30 0.4423283E+02
  11 0.4461141E+02
   1 0.4424483E+02
  21 0.4477179E+02
   4 0.4485011E+02
   5 0.4436089E+02
  25 0.4394747E+02
   6 0.4440101E+02
   3 0.4450375E+02
  16 0.4333288E+02
  17 0.4397411E+02
  12 0.4453606E+02
  18 0.4408371E+02
   9 0.4404051E+02
  31 0.4429473E+02
  20 0.4397697E+02
  17 0.4470825E+02
  12 0.4408430E+02
  21 0.3946787E+02
   4 0.4405025E+02
  27 0.4440245E+02
  23 0.4398621E+02
  26 0.4528130E+02
  24 0.4398272E+02
   2 0.4453699E+02
  28 0.4350663E+02
  19 0.4387781E+02
  30 0.4480932E+02
   3 0.4494798E+02
   8 0.4452394E+02
  15 0.4500224E+02
   5 0.4456835E+02
   4 0.4475156E+02
  28 0.4495828E+02
   1 0.4469203E+02
   6 0.4410632E+02
  13 0.4463796E+02
  25 0.4358833E+02
  21 0.4401607E+02
  12 0.4444686E+02
  31 0.4441466E+02
  20 0.4495173E+02
  11 0.4397227E+02
   3 0.4574583E+02
  24 0.4412667E+02
   3 0.4473321E+02
  27 0.4432187E+02
  10 0.4409465E+02
  26 0.4459593E+02
  18 0.4424628E+02
  30 0.3862201E+02
   8 0.4501590E+02
   7 0.4439680E+02
  17 0.4453727E+02
   9 0.4472898E+02
   5 0.4450261E+02
  11 0.4443839E+02
  13 0.4419042E+02
   4 0.4413979E+02
  28 0.4424009E+02
  29 0.4393351E+02
  12 0.4411906E+02
  31 0.4392794E+02
   2 0.4496820E+02
  24 0.4500783E+02
  16 0.4438981E+02
  19 0.4377914E+02
  25 0.4437631E+02
  27 0.4404188E+02
  26 0.4467749E+02
  14 0.4419650E+02
  20 0.4347659E+02
   3 0.4466413E+02
  18 0.4458516E+02
   6 0.4490187E+02
   1 0.4423965E+02
  30 0.4401109E+02
  10 0.4403169E+02
  15 0.4468406E+02
  22 0.4404894E+02
  21 0.4518629E+02
  23 0.4424343E+02
  17 0.3703461E+02
  20 0.4457748E+02
   1 0.4455481E+02
  23 0.4453133E+02
   9 0.4418583E+02
  13 0.4473827E+02
  13 0.4503808E+02
   5 0.4390458E+02
  14 0.4437051E+02
  17 0.4363675E+02
  13 0.4362727E+02
  20 0.4509116E+02
   2 0.4429265E+02
  11 0.4426358E+02
   7 0.4464155E+02
  17 0.4472579E+02
  14 0.4413023E+02
  16 0.4435327E+02
   1 0.4396352E+02
   6 0.4470580E+02
   3 0.4435680E+02
  30 0.4456498E+02
  20 0.4446856E+02
   2 0.4403897E+02
   6 0.4518419E+02
   9 0.4409476E+02
  20 0.4324954E+02
  30 0.4402753E+02
   6 0.4397062E+02
   5 0.4450839E+02
  46 0.4459379E+02
  13 0.4412045E+02
  11 0.4428771E+02
   7 0.4432625E+02
  14 0.4417416E+02
  17 0.4416033E+02
  16 0.4462006E+02
   3 0.4483922E+02
   1 0.4425926E+02
   2 0.4483762E+02
  14 0.4083275E+02
   9 0.4503155E+02
  17 0.4422635E+02
  30 0.4441509E+02
   6 0.4470508E+02
   2 0.4378439E+02
  46 0.4424776E+02
  13 0.4551706E+02
  20 0.4446281E+02
  30 0.4500815E+02
  13 0.4484169E+02
  11 0.4438663E+02
  46 0.4423221E+02
   7 0.4392104E+02
  39 0.1667216E+02
   3 0.4486141E+02
  24 0.4398648E+02
  16 0.4451768E+02
  46 0.4498901E+02
   1 0.4463528E+02
   9 0.4419069E+02
  14 0.4379120E+02
  17 0.4455722E+02
  43 0.4351503E+02
   2 0.4422142E+02
  13 0.4447714E+02
   6 0.4381824E+02
  30 0.4438027E+02
   7 0.4407792E+02
  13 0.4446209E+02
  11 0.4317501E+02
  24 0.4390930E+02
   3 0.4451730E+02
   1 0.4418558E+02
  16 0.4366556E+02
  46 0.4407107E+02
   5 0.4499428E+02
   9 0.4521904E+02
  14 0.4394200E+02
   2 0.4498163E+02
  46 0.4472909E+02
  24 0.4386612E+02
  16 0.4449553E+02
  57 0.4317146E+02
   6 0.4408138E+02
  22 0.4488473E+02
  17 0.4422307E+02
  30 0.4405802E+02
  37 0.4497853E+02
  13 0.4476073E+02
  46 0.4436675E+02
  16 0.4285900E+02
   7 0.4433241E+02
  47 0.4519541E+02
   3 0.4415510E+02
  11 0.4440482E+02
   1 0.4410266E+02
  16 0.4425276E+02
   3 0.4365150E+02
  54 0.4438211E+02
  38 0.4531816E+02
   9 0.4406385E+02
  11 0.4482430E+02
  40 0.4522397E+02
  17 0.4484079E+02
   2 0.4435206E+02
  37 0.4420784E+02
  46 0.4422538E+02
  20 0.4384036E+02
  30 0.4462915E+02
   2 0.4506951E+02
   1 0.4414004E+02
   3 0.4456123E+02
   9 0.4443199E+02
  16 0.4493316E+02
  17 0.4449924E+02
  21 0.4417860E+02
   3 0.4509042E+02
   7 0.4496077E+02
  37 0.4417705E+02
  20 0.4398011E+02
  46 0.4482692E+02
  13 0.4479535E+02
  14 0.4417888E+02
  11 0.4443658E+02
  37 0.4473292E+02
  46 0.4477882E+02
  30 0.4401333E+02
  24 0.4426528E+02
   7 0.4511766E+02
   2 0.4416983E+02
  16 0.4416853E+02
  30 0.4485951E+02
  57 0.4539574E+02
  59 0.4338919E+02
  48 0.4420492E+02
  14 0.4451382E+02
  18 0.4401143E+02
   1 0.4409106E+02
  28 0.4467916E+02
  16 0.4500378E+02
  56 0.4422334E+02
   7 0.4498682E+02
   2 0.3567504E+02
  39 0.4496116E+02
  13 0.4446356E+02
  24 0.2005597E+02
  40 0.2172520E+02
  49 0.4365594E+02
  38 0.3615992E+02
  43 0.4412994E+02
   6 0.4428178E+02
   7 0.4377771E+02
  25 0.4429886E+02
  14 0.4420944E+02
   3 0.4443854E+02
   7 0.4476667E+02
  23 0.4402890E+02
  17 0.4364496E+02
   9 0.4478621E+02
  51 0.4484125E+02
   5 0.4382028E+02
  50 0.4423561E+02
   7 0.3043633E+02
  53 0.4471442E+02
  11 0.4366541E+02
  40 0.4488645E+02
  48 0.4377951E+02
   4 0.4439173E+02
   5 0.4395685E+02
   7 0.4542903E+02
  30 0.4454226E+02
  11 0.4443758E+02
  28 0.4415147E+02
  22 0.4395339E+02
   2 0.4476418E+02
  50 0.4545657E+02
  16 0.4472499E+02
  13 0.4398242E+02
  25 0.4426761E+02
  48 0.3293553E+02
  54 0.4381423E+02
  57 0.4473984E+02
  23 0.4495999E+02
  56 0.4345089E+02
   3 0.4371606E+02
  40 0.4474363E+02
  14 0.4403066E+02
  13 0.4433944E+02
  24 0.4395707E+02
  16 0.4536009E+02
  57 0.4524189E+02
  40 0.4570999E+02
   7 0.4421328E+02
  12 0.4391134E+02
  58 0.4532007E+02
  50 0.4454559E+02
  20 0.4427672E+02
  54 0.4508587E+02
  37 0.4417424E+02
  26 0.4507247E+02
  47 0.4440933E+02
  25 0.4491586E+02
  27 0.4371226E+02
   2 0.4418501E+02
  29 0.4428093E+02
  28 0.4390311E+02
  26 0.4330188E+02
  35 0.4427909E+02
  41 0.4400351E+02
  11 0.4398890E+02
   7 0.4371744E+02
  15 0.4381010E+02
  42 0.4370731E+02
   1 0.4462442E+02
  52 0.4441528E+02
  21 0.4436673E+02
  35 0.4479727E+02
  62 0.4495764E+02
  30 0.4332108E+02
  59 0.4481877E+02
  58 0.4427624E+02
  13 0.4463102E+02
  46 0.4366691E+02
  20 0.4354761E+02
   5 0.4440561E+02
  18 0.4461125E+02
  43 0.4414886E+02
  47 0.4444653E+02
  18 0.4545334E+02
  48 0.4515420E+02
  16 0.4394345E+02
   8 0.4424182E+02
  26 0.4463170E+02
   9 0.4367764E+02
  15 0.4549232E+02
  39 0.4411842E+02
  37 0.4437069E+02
  42 0.4426326E+02
  61 0.4424609E+02
  14 0.4450783E+02
  59 0.4381402E+02
   7 0.4442148E+02
   8 0.4517058E+02
  46 0.4467065E+02
  51 0.4434080E+02
   2 0.4423595E+02
  28 0.4464230E+02
   6 0.4426959E+02
  53 0.4399038E+02
  11 0.4478583E+02
  17 0.4371354E+02
  13 0.4445029E+02
  40 0.4392224E+02
  25 0.4438506E+02
  24 0.4434733E+02
   7 0.4443051E+02
   3 0.4388175E+02
  27 0.4383631E+02
  30 0.4399009E+02
  28 0.2239581E+02
   1 0.4458393E+02
  57 0.4453040E+02
  16 0.4389011E+02
  35 0.4477239E+02
  12 0.4431117E+02
  23 0.4514744E+02
   5 0.4406526E+02
  18 0.4364317E+02
  57 0.4516258E+02
   7 0.4250952E+02
  21 0.4412094E+02
  53 0.4403450E+02
  29 0.4470221E+02
  58 0.4416949E+02
  31 0.4422426E+02
  15 0.4400635E+02
  50 0.4460305E+02
  59 0.4383897E+02
   2 0.4491196E+02
  40 0.4361029E+02
   8 0.4376527E+02
  61 0.4385130E+02
  37 0.4409155E+02
  57 0.4457740E+02
  39 0.4377067E+02
  41 0.4398865E+02
  10 0.4405285E+02
   2 0.4469976E+02
  29 0.4411178E+02
   5 0.4482042E+02
  33 0.4465103E+02
   9 0.4460396E+02
  54 0.4417544E+02
  45 0.4380804E+02
  14 0.4359965E+02
   8 0.4388686E+02
  13 0.4431064E+02
  31 0.3948007E+02
  43 0.4437711E+02
  55 0.4470201E+02
   4 0.4447199E+02
  48 0.4452877E+02
  47 0.4445317E+02
  11 0.4406481E+02
   7 0.4368963E+02
  30 0.4423793E+02
  60 0.4418229E+02
  46 0.4434236E+02
  32 0.4440543E+02
  28 0.4463790E+02
  50 0.4434142E+02
  63 0.4427119E+02
  51 0.4438081E+02
   1 0.4469967E+02
  35 0.4436525E+02
   8 0.4402464E+02
  52 0.4464472E+02
  17 0.4466040E+02
  37 0.4485146E+02
  58 0.4424194E+02
  45 0.4298884E+02
  27 0.4440879E+02
  44 0.4457901E+02
  36 0.4360994E+02
  26 0.4460956E+02
  13 0.4467758E+02
   6 0.4467358E+02
  21 0.4445226E+02
  62 0.4391552E+02
  40 0.4431213E+02
  19 0.4468799E+02
  12 0.4397237E+02
  25 0.4421975E+02
  34 0.4372606E+02
  23 0.4405242E+02
   3 0.4429738E+02
   2 0.4450139E+02
  39 0.4431361E+02
  57 0.4406096E+02
  24 0.4413918E+02
  20 0.4418568E+02
  41 0.4526118E+02
  54 0.4495692E+02
  51 0.4506122E+02
  42 0.4404543E+02
  30 0.4388711E+02
  32 0.4464159E+02
  10 0.4391461E+02
  61 0.4347930E+02
  27 0.4472009E+02
  55 0.4462858E+02
  18 0.4419595E+02
  16 0.4451213E+02
  39 0.4460581E+02
  48 0.4504958E+02
   9 0.4434791E+02
   5 0.4489228E+02
  50 0.4384993E+02
  46 0.4417491E+02
  49 0.4485772E+02
  43 0.4430153E+02
  18 0.4490351E+02
   1 0.4454011E+02
  35 0.4446340E+02
  59 0.4387511E+02
  10 0.4423976E+02
  25 0.4455213E+02
  29 0.4430161E+02
   8 0.4432460E+02
  47 0.4459984E+02
  22 0.4469589E+02
   3 0.4428080E+02
  38 0.4462008E+02
  54 0.3431928E+02
  20 0.4454244E+02
  14 0.4493615E+02
  53 0.4375710E+02
  15 0.4421433E+02
  37 0.4446525E+02
  62 0.4436266E+02
   7 0.4418343E+02
  52 0.4431225E+02
  12 0.4338503E+02
   6 0.4452926E+02
  13 0.4445387E+02
  17 0.4463465E+02
  58 0.4458057E+02
   2 0.4443043E+02
  28 0.4468051E+02
  23 0.4407064E+02
  40 0.4420162E+02
   8 0.4466390E+02
  10 0.4409503E+02
  38 0.4515004E+02
  55 0.4405279E+02
  30 0.4490969E+02
  57 0.4440857E+02
  25 0.4439654E+02
  42 0.4431445E+02
  29 0.4403576E+02
  53 0.4271586E+02
  15 0.4386239E+02
  21 0.4505054E+02
  16 0.4446480E+02
  24 0.4380161E+02
  56 0.4407344E+02
  41 0.4448061E+02
  61 0.4389546E+02
  33 0.4360957E+02
  47 0.4393292E+02
  49 0.4407944E+02
  10 0.4464860E+02
  26 0.4437454E+02
  29 0.4492977E+02
  42 0.4501273E+02
  18 0.4510761E+02
  20 0.4344591E+02
  27 0.4351678E+02
  51 0.4409470E+02
  55 0.4302782E+02
  40 0.4409727E+02
  54 0.4570051E+02
  21 0.4367705E+02
  31 0.4382886E+02
   3 0.4393478E+02
  35 0.4404791E+02
   1 0.4442358E+02
  51 0.4475679E+02
  16 0.4201195E+02
  17 0.4484229E+02
  46 0.4397067E+02
  30 0.4445588E+02
  58 0.4362550E+02
  18 0.4424858E+02
  11 0.4425463E+02
   9 0.4384111E+02
   5 0.4491526E+02
  52 0.4464125E+02
  31 0.4493432E+02
  61 0.4414619E+02
  15 0.4374687E+02
  14 0.4592113E+02
  35 0.4479052E+02
  13 0.4457459E+02
  62 0.4425908E+02
  57 0.4420444E+02
  29 0.4428483E+02
  59 0.4389151E+02
   6 0.4458526E+02
  46 0.4450543E+02
  47 0.4481849E+02
   2 0.4481153E+02
  29 0.4508994E+02
  48 0.4405641E+02
  26 0.4459474E+02
  43 0.4376478E+02
  42 0.4380784E+02
   1 0.4486974E+02
  38 0.4373205E+02
  18 0.2977799E+02
  37 0.4457205E+02
  39 0.4496081E+02
  51 0.4438488E+02
   7 0.4404583E+02
  50 0.4409764E+02
  23 0.4414733E+02
  12 0.4372038E+02
  28 0.4411256E+02
  40 0.4403801E+02
  25 0.4382108E+02
  54 0.4396389E+02
  58 0.4325675E+02
  24 0.4399577E+02
  10 0.4412542E+02
  27 0.4493739E+02
  61 0.4439773E+02
  53 0.4424837E+02
  55 0.4463188E+02
  17 0.4477589E+02
  41 0.4409875E+02
  16 0.4375001E+02
   5 0.4379123E+02
  45 0.4483904E+02
   8 0.4418821E+02
  13 0.4435403E+02
  21 0.4466335E+02
  59 0.4370815E+02
  15 0.4453644E+02
  33 0.4432308E+02
  20 0.4460412E+02
   9 0.4346701E+02
  11 0.4401431E+02
  14 0.4445723E+02
  62 0.4369134E+02
  52 0.4413752E+02
   3 0.4425692E+02
  44 0.4403776E+02
  30 0.4469177E+02
  36 0.4399705E+02
  35 0.4448540E+02
   4 0.4426104E+02
  57 0.4478690E+02
  60 0.4419770E+02
  34 0.4414393E+02
  19 0.4354376E+02
  49 0.4456217E+02
  56 0.4544927E+02
  22 0.4428447E+02
  63 0.4475412E+02
  32 0.4410253E+02
  31 0.4433738E+02
   9 0.2948939E+02
  25 0.4457251E+02
  19 0.4523634E+02
  15 0.4507919E+02
  23 0.4483668E+02
  15 0.4376537E+02
  23 0.4435169E+02
  32 0.4402881E+02
  23 0.4178711E+02
  44 0.4418925E+02
  32 0.4499791E+02
  54 0.4434117E+02
  31 0.4456996E+02
   5 0.4436022E+02
  10 0.4461562E+02
   9 0.4435756E+02
  13 0.4395193E+02
  17 0.4574984E+02
  16 0.4400489E+02
  25 0.4421515E+02
   7 0.4473428E+02
  49 0.4422590E+02
   7 0.4531226E+02
  23 0.4423999E+02
  22 0.4367353E+02
  44 0.4481478E+02
  15 0.4437897E+02
  54 0.4485025E+02
 114 0.4484432E+02
  10 0.4427195E+02
   9 0.4502032E+02
  27 0.4405121E+02
   5 0.4402336E+02
  13 0.4431795E+02
  19 0.4393118E+02
  17 0.4365212E+02
  25 0.4407676E+02
   7 0.4403038E+02
  90 0.4437701E+02
  23 0.4465836E+02
  49 0.4427845E+02
  17 0.4336199E+02
  10 0.4407935E+02
  44 0.4446146E+02
  49 0.4518519E+02
 106 0.3654438E+02
   9 0.4376965E+02
  54 0.4356249E+02
   7 0.4426847E+02
  23 0.4434101E+02
  16 0.4361692E+02
  90 0.4405897E+02
  13 0.4486154E+02
   9 0.4496108E+02
  31 0.4374238E+02
 114 0.4519408E+02
  17 0.4410307E+02
  15 0.4510609E+02
 109 0.4490812E+02
  97 0.4494949E+02
  10 0.4480414E+02
  96 0.4457671E+02
  13 0.4434656E+02
  32 0.4451930E+02
   9 0.4407421E+02
  54 0.4433634E+02
  96 0.4417674E+02
 117 0.4472874E+02
  60 0.4455740E+02
  94 0.4408017E+02
  48 0.4406778E+02
  23 0.4473140E+02
 105 0.4448977E+02
  13 0.4363126E+02
  49 0.4497997E+02
 117 0.4349537E+02
  71 0.4439015E+02
  36 0.4417931E+02
 102 0.4524641E+02
  17 0.4440079E+02
  32 0.4405444E+02
  44 0.4424383E+02
  99 0.4399728E+02
   9 0.4460657E+02
  90 0.4402653E+02
  10 0.4360764E+02
   9 0.4402076E+02
  22 0.4466006E+02
  56 0.4462478E+02
 119 0.4362984E+02
  23 0.4373912E+02
  94 0.4388631E+02
  36 0.4349796E+02
  54 0.4372752E+02
 108 0.4359848E+02
  96 0.4386047E+02
 117 0.4402682E+02
 116 0.4424638E+02
 109 0.4432474E+02
  75 0.4437811E+02
 117 0.4375596E+02
  17 0.4370046E+02
  49 0.4430175E+02
 105 0.4422720E+02
  97 0.4384108E+02
  23 0.4011321E+02
   9 0.4435525E+02
  32 0.4442111E+02
 127 0.4414798E+02
  28 0.4477437E+02
  74 0.4386825E+02
  95 0.4452233E+02
  16 0.4477587E+02
  77 0.4480520E+02
  10 0.4373483E+02
  92 0.4352134E+02
  96 0.4417220E+02
 100 0.4423774E+02
   7 0.4484153E+02
  31 0.4416780E+02
  94 0.4488216E+02
  43 0.4461312E+02
  95 0.4452517E+02
   5 0.4402408E+02
 109 0.1820964E+02
  17 0.4384514E+02
  22 0.4560566E+02
  25 0.4355548E+02
 106 0.4488400E+02
  13 0.4381885E+02
  32 0.4371453E+02
  57 0.3165920E+02
  76 0.4413585E+02
  44 0.4521927E+02
  16 0.4440300E+02
 117 0.4436731E+02
 104 0.4301614E+02
  17 0.4436465E+02
  64 0.4401814E+02
  92 0.4454634E+02
 116 0.4392458E+02
  48 0.4441628E+02
  31 0.4402402E+02
  71 0.4460648E+02
  77 0.4453389E+02
   1 0.4429531E+02
  89 0.4477454E+02
  44 0.4410293E+02
  60 0.4463826E+02
  95 0.4430479E+02
  66 0.4428370E+02
  68 0.4382577E+02
  94 0.4368799E+02
   3 0.4414510E+02
  74 0.4454880E+02
  54 0.4422532E+02
 111 0.4448513E+02
  49 0.4499725E+02
  81 0.4482204E+02
  88 0.4492131E+02
 120 0.4372083E+02
  82 0.4369805E+02
  34 0.4475256E+02
   9 0.4424916E+02
  65 0.4411003E+02
 118 0.4450327E+02
 105 0.4424372E+02
  91 0.4429896E+02
  72 0.4403456E+02
  90 0.4437256E+02
  27 0.4402549E+02
  42 0.4515346E+02
 127 0.4404911E+02
  60 0.4494507E+02
 104 0.4525556E+02
   7 0.4359776E+02
  20 0.4406798E+02
  58 0.4474869E+02
  75 0.4384181E+02
  16 0.4506915E+02
  98 0.4462616E+02
  15 0.4537049E+02
 108 0.4417374E+02
  70 0.4405436E+02
  81 0.4446043E+02
 122 0.4480719E+02
  21 0.4549991E+02
  28 0.4466635E+02
  19 0.4394469E+02
  34 0.4441112E+02
 114 0.4415064E+02
  94 0.4558012E+02
 108 0.4476739E+02
  27 0.4504225E+02
  92 0.4326981E+02
  17 0.4497933E+02
  13 0.4491575E+02
 113 0.4466851E+02
  58 0.4426745E+02
  71 0.4370750E+02
  52 0.4437798E+02
  61 0.4427717E+02
  90 0.3916341E+02
 122 0.4492116E+02
  17 0.4536583E+02
  67 0.4422061E+02
  75 0.4369159E+02
 102 0.4459162E+02
 127 0.4423646E+02
 124 0.4470821E+02
  56 0.4368873E+02
  92 0.4478091E+02
   5 0.4337175E+02
  91 0.4472521E+02
 106 0.4399632E+02
 122 0.3173558E+02
 110 0.4441697E+02
  36 0.4431044E+02
  63 0.4351039E+02
 114 0.4464859E+02
 126 0.4417083E+02
  70 0.4460631E+02
 108 0.4389075E+02
  82 0.4399816E+02
 119 0.4428152E+02
  95 0.4444164E+02
 120 0.3959389E+02
  94 0.4410257E+02
  96 0.4456424E+02
  67 0.4469864E+02
  74 0.4452438E+02
 112 0.3519097E+02
 124 0.4327554E+02
  42 0.4463549E+02
  61 0.4460865E+02
   3 0.4449903E+02
  16 0.4486979E+02
   1 0.4402180E+02
  58 0.4499914E+02
  10 0.4444022E+02
  27 0.4336137E+02
  80 0.4433444E+02
  77 0.4384053E+02
 121 0.4405531E+02
  86 0.4473009E+02
  50 0.4380735E+02
 100 0.4375838E+02
 102 0.4360326E+02
 125 0.4438375E+02
  83 0.4310005E+02
  62 0.4457361E+02
  71 0.4369219E+02
  59 0.4397616E+02
  23 0.4482820E+02
  81 0.4484743E+02
  26 0.4498007E+02
 109 0.4447397E+02
  76 0.4405766E+02
  48 0.4427734E+02
 111 0.4474466E+02
  45 0.4384917E+02
  49 0.4436203E+02
  93 0.4390766E+02
  31 0.4426205E+02
 106 0.4372235E+02
  37 0.4367757E+02
  54 0.4443260E+02
 101 0.4351688E+02
  24 0.4378131E+02
  15 0.4437738E+02
  60 0.4356748E+02
  84 0.4448432E+02
  34 0.4481737E+02
  64 0.4472514E+02
 104 0.4466140E+02
  30 0.4509875E+02
  25 0.4438061E+02
  46 0.4419938E+02
   6 0.4463142E+02
  66 0.4427657E+02
 123 0.4384373E+02
   2 0.4397697E+02
  12 0.4354874E+02
  88 0.4394407E+02
  11 0.4394096E+02
  40 0.4363226E+02
 118 0.4399234E+02
 116 0.4455835E+02
  98 0.4390647E+02
 105 0.4468837E+02
   9 0.4489657E+02
  53 0.4410077E+02
 110 0.4460614E+02
  66 0.4461755E+02
  72 0.4405026E+02
  32 0.4447332E+02
   4 0.4436795E+02
  75 0.4391116E+02
  58 0.4524006E+02
  93 0.4437953E+02
  29 0.4473394E+02
  28 0.4397993E+02
  11 0.4243759E+02
  44 0.4399622E+02
  30 0.4476547E+02
  36 0.4429346E+02
  71 0.4490288E+02
  76 0.4373255E+02
  46 0.4347779E+02
  55 0.4490792E+02
  84 0.4405113E+02
 108 0.4394004E+02
 109 0.4472088E+02
  96 0.4430005E+02
  12 0.4477091E+02
  68 0.4393022E+02
  23 0.4394965E+02
  43 0.4476595E+02
   5 0.4431503E+02
  13 0.4454953E+02
  34 0.4445365E+02
 101 0.4506100E+02
  20 0.4432680E+02
  22 0.4502079E+02
  40 0.4425936E+02
  99 0.4456409E+02
   7 0.4378668E+02
 122 0.4401125E+02
 117 0.4376777E+02
  56 0.4402442E+02
  92 0.4405568E+02
  65 0.4400622E+02
  85 0.4393570E+02
  35 0.4450109E+02
  41 0.4448423E+02
  19 0.4434815E+02
  37 0.4448473E+02
  80 0.4390038E+02
 107 0.4427735E+02
  24 0.4459912E+02
  67 0.4454767E+02
 102 0.4427753E+02
  97 0.4453470E+02
  88 0.4494520E+02
 113 0.4453120E+02
  82 0.4410920E+02
  26 0.4429745E+02
  74 0.4418678E+02
  17 0.4375644E+02
 125 0.4439530E+02
  94 0.4323789E+02
  90 0.4378289E+02
  25 0.4388859E+02
 105 0.4405487E+02
 121 0.4426467E+02
 103 0.4459558E+02
  70 0.4430633E+02
  64 0.4493266E+02
  10 0.4484531E+02
 118 0.4379062E+02
 106 0.4332280E+02
 127 0.4435764E+02
  48 0.4433913E+02
 126 0.4459247E+02
  77 0.4505779E+02
  15 0.4464262E+02
  54 0.4504458E+02
  95 0.4446268E+02
  61 0.4436290E+02
  86 0.4464912E+02
  38 0.4399479E+02
  72 0.4470391E+02
  29 0.4398407E+02
  17 0.3768272E+02
  20 0.3959342E+02
  42 0.4470521E+02
 108 0.4513355E+02
  18 0.4406474E+02
   6 0.4453815E+02
  90 0.4424915E+02
  45 0.4447115E+02
  12 0.4510623E+02
  49 0.4475611E+02
  52 0.4492890E+02
 114 0.4400307E+02
  13 0.4306272E+02
  62 0.4344176E+02
 104 0.4372600E+02
  15 0.2602522E+02
  26 0.4523651E+02
 119 0.4471113E+02
  52 0.3770341E+02
  60 0.4458704E+02
  91 0.4423977E+02
  98 0.4452135E+02
 113 0.4501274E+02
  37 0.4352012E+02
  51 0.4498700E+02
  67 0.4518604E+02
  18 0.5572316E+01
  27 0.4400562E+02
 123 0.4401824E+02
  50 0.4458647E+02
  38 0.2702284E+02
 124 0.4459681E+02
  79 0.4406679E+02
  23 0.4471872E+02
   8 0.4423298E+02
  95 0.4444769E+02
  24 0.4403272E+02
  84 0.4420787E+02
  14 0.4422050E+02
  16 0.4449093E+02
  57 0.4446742E+02
  96 0.4417534E+02
  88 0.4537157E+02
 111 0.4438028E+02
  58 0.4396021E+02
  70 0.4407860E+02
  68 0.4388308E+02
   2 0.4418734E+02
   1 0.4429684E+02
  89 0.4423525E+02
  81 0.4424452E+02
 100 0.4435907E+02
 107 0.4480874E+02
 108 0.4364301E+02
 102 0.4465254E+02
  69 0.4424615E+02
  47 0.4467765E+02
  39 0.4384214E+02
   5 0.4343643E+02
 116 0.4486078E+02
  10 0.4450379E+02
  42 0.4359239E+02
   6 0.4422396E+02
   3 0.4431005E+02
  46 0.4384760E+02
  36 0.4516121E+02
  55 0.4468543E+02
   7 0.4463301E+02
  35 0.4447022E+02
  22 0.4370787E+02
  82 0.4442451E+02
  87 0.4411244E+02
 115 0.4392591E+02
  73 0.4379496E+02
   9 0.4452843E+02
  21 0.4441007E+02
  65 0.4471575E+02
 125 0.4390057E+02
 110 0.4426772E+02
  75 0.4337661E+02
  40 0.4409268E+02
  17 0.4465885E+02
  83 0.4406716E+02
 114 0.4408120E+02
  31 0.4422275E+02
  63 0.4449170E+02
  64 0.4528292E+02
  71 0.4395815E+02
  34 0.4433696E+02
  20 0.4366504E+02
 127 0.4440916E+02
 101 0.4417722E+02
  32 0.4402062E+02
  43 0.4379043E+02
 106 0.3026427E+02
  56 0.4366919E+02
  77 0.4397532E+02
  11 0.4059502E+02
  78 0.4485588E+02
 120 0.4477581E+02
  61 0.4438250E+02
  80 0.4452312E+02
   4 0.4432875E+02
 122 0.4443915E+02
  74 0.4532805E+02
  99 0.4395312E+02
  29 0.4433081E+02
  49 0.4510846E+02
 126 0.4415940E+02
 103 0.4431087E+02
  19 0.4437202E+02
  44 0.4406721E+02
  25 0.4354560E+02
 109 0.4448485E+02
  33 0.4417643E+02
  59 0.4435766E+02
  92 0.4424333E+02
  86 0.4416486E+02
 105 0.4367006E+02
  76 0.4434711E+02
  48 0.4401167E+02
  53 0.4404382E+02
  85 0.4481597E+02
 118 0.4449095E+02
 112 0.4458751E+02
 117 0.4464451E+02
  54 0.4536075E+02
  30 0.4467600E+02
  90 0.4370913E+02
  45 0.4427693E+02
  72 0.4397182E+02
  66 0.4440841E+02
  12 0.4417672E+02
  41 0.4476137E+02
  93 0.4349787E+02
 121 0.4395989E+02
  28 0.4495623E+02
  94 0.4441139E+02
  97 0.4447091E+02
